10629
0
212956
8
90853
3
137800
5
103747
4
247431
10
197897
7
182397
7
168505
6
154023
6
106089
4
77470
3
96643
3
197032
8
112703
4
152667
6
53981
2
80097
3
304203
12
315869
12
310412
12
124472
4
238874
9
320493
13
243750
9
256069
10
120456
4
71875
3
57992
2
73685
3
173521
6
166274
6
125994
5
257089
10
25392
1
32702
1
51301
2
3405
0
153133
6
19188
0
231528
9
285225
11
27812
1
134687
5
45650
1
218542
8
333988
13
106452
4
178119
7
31049
1
30067
1
229212
9
18801
0
89648
3
228618
9
202597
8
175940
7
122495
4
334426
13
63133
2
174543
6
155562
6
77969
3
326240
13
53670
2
253311
10
308724
12
61948
2
275779
11
297574
11
33430
1
280601
11
238430
9
315044
12
226710
9
211023
8
313863
13
97999
3
297824
12
41285
1
72484
2
273471
11
230429
9
318270
13
93963
3
60535
2
267884
11
253624
10
88208
3
44384
1
277931
11
24530
1
281048
11
81147
3
71510
2
244854
9
269310
11
228282
9
104312
4
193317
7
282506
11
237938
9
328928
13
330511
13
60339
2
273220
11
55553
2
319684
13
36162
1
281383
11
307011
12
306342
12
183230
7
159701
6
91712
3
275935
11
236760
9
138679
5
226908
8
220470
8
182448
7
265489
10
219240
8
335028
13
91121
3
211440
8
41288
1
153124
6
162926
6
158455
6
12490
0
111197
4
281877
11
322834
12
36247
1
39847
1
215954
8
64576
2
163287
6
254238
10
206190
8
212388
8
124572
5
35393
1
182867
7
283185
11
280786
11
51246
2
184043
7
7250
0
34417
1
215641
8
10350
0
128688
5
317779
13
315174
13
3101
0
213257
8
162840
6
37628
1
185042
7
7447
0
205011
8
310034
12
303215
12
246676
9
148562
5
219616
8
290758
11
251082
10
172103
6
62839
2
114417
4
59641
2
313530
12
155220
6
46752
1
199250
8
97078
3
322872
13
88427
3
240539
9
334192
13
274840
11
244554
9
244518
9
142426
6
244797
9
59461
2
202307
8
156545
6
42852
1
16845
0
106269
4
82580
3
240549
9
243148
10
208197
8
307902
12
154391
6
29329
1
175583
7
184579
7
165625
6
25167
1
1075
0
64481
2
80095
3
66004
2
171181
6
190205
7
102432
4
190913
7
332396
13
219536
8
306875
12
144564
6
53727
2
148683
5
1053
0
231805
9
335068
13
63663
2
319966
13
131685
5
124998
5
47241
2
163107
6
72207
3
197668
7
316605
13
128047
5
232809
9
171102
6
237357
9
148753
6
226609
9
299141
12
147941
5
7521
0
306888
12
53482
2
127063
5
223260
9
227315
9
177123
7
116852
4
257065
10
51857
2
189139
7
80445
3
60736
2
281312
11
286644
11
41482
1
41667
1
322642
13
106603
4
209422
8
7131
0
319037
13
20841
0
16267
0
191402
7
270412
10
174828
7
170654
7
268429
10
304094
12
173659
7
159881
6
50538
2
89868
3
253973
10
212716
8
32338
1
307224
12
137895
5
268758
10
269250
10
296123
12
136312
5
284976
11
203376
8
300592
12
312247
13
165058
6
289455
11
250501
10
266908
11
187413
7
294905
12
157366
6
289104
11
295710
12
153734
6
317950
12
29419
1
58666
2
18335
0
273814
10
334603
13
266342
10
271841
10
182904
7
312557
12
265420
10
272347
11
248103
10
212638
8
214870
8
61575
2
306949
12
206608
8
81710
3
149674
6
295410
12
187312
7
3171
0
159506
6
199878
8
63203
2
223513
9
108139
4
116548
4
42023
1
330581
13
266425
10
296597
11
289876
11
69969
2
281435
11
77843
3
17936
0
254198
10
60035
2
52977
2
155712
6
276543
11
43287
1
195017
7
146035
5
171328
6
73705
2
288351
11
16726
0
217484
8
310187
12
10981
0
247801
10
65413
2
105782
4
14414
0
324767
13
220585
9
78910
3
234491
9
328519
13
119524
4
248856
10
6736
0
146927
6
108388
4
34724
1
310911
12
191940
7
84909
3
102239
4
287597
11
312341
12
210696
8
152776
6
200577
8
74816
2
102409
4
291255
11
18063
0
169334
6
78407
3
174639
7
321507
12
127975
5
209767
8
286257
11
55367
2
261410
10
262625
10
185480
7
155365
6
101776
4
242619
9
152670
6
58373
2
19456
0
174122
7
323254
12
5030
0
122501
4
92321
3
314822
12
29812
1
182833
7
171668
7
313888
12
141177
5
220124
8
10663
0
76293
3
249503
10
183878
7
124622
5
163460
6
65569
2
113375
4
116795
4
239505
9
35724
1
115811
5
127523
5
199760
8
301006
12
238155
9
13479
0
173162
7
72213
2
132189
5
277556
11
237748
9
132697
5
4863
0
128925
5
127682
5
95324
3
194727
7
284933
11
140544
5
174892
7
196537
8
85983
3
283431
11
157190
6
142513
6
232028
9
188596
7
26663
1
46639
1
113428
4
160414
6
199450
8
99172
3
131457
5
244777
9
1260
0
130410
5
266004
10
121534
5
63075
2
192160
7
17917
0
139380
5
171879
7
1097
0
313787
12
239868
9
114809
4
170944
6
190418
7
253371
10
235294
9
17861
0
134631
5
224146
9
119320
4
330784
13
207191
8
58060
2
148855
6
331552
13
160875
6
305780
12
71060
2
154980
6
8805
0
47619
1
321195
13
167926
6
240025
9
286301
11
204522
8
180882
7
188810
7
168878
6
5787
0
42188
1
233001
9
224972
9
123045
5
89220
3
227825
9
81128
3
221638
8
122228
4
29508
1
169536
6
246930
10
150237
6
78007
3
304425
12
192371
7
64370
2
163099
6
25223
1
204111
8
180745
7
246264
10
315473
12
172661
7
5313
0
112607
4
160378
6
290899
11
103770
4
267199
10
101264
4
276358
11
198064
8
65089
2
247051
10
63711
2
12367
0
234166
9
27796
1
90188
3
37706
1
147337
6
183999
7
139726
5
105556
4
316632
12
148589
6
138037
5
136087
5
30489
1
14102
0
227046
9
35493
1
124956
5
216753
8
84441
3
292239
11
237016
9
239186
9
49872
2
252493
10
50862
2
253863
10
165551
6
316626
13
300418
12
122334
4
149369
6
101992
4
70822
3
330708
13
100959
4
85042
3
240269
9
79999
3
257785
10
88726
3
310483
12
292555
11
126086
5
253461
10
9125
0
178742
7
69685
2
112491
4
317893
13
193689
7
258017
10
16758
0
92184
3
200313
8
100159
4
274479
11
220751
9
297485
12
179646
7
319828
12
194174
7
123232
4
158327
6
306376
12
53284
2
127781
5
272072
10
238183
9
156190
6
249210
9
248472
9
303540
11
190537
7
88199
3
322023
13
34133
1
213887
8
43993
1
78751
3
326372
12
256045
10
182603
7
9706
0
284093
11
17500
0
58338
2
62787
2
131854
5
334405
13
262974
10
164658
6
76859
3
211234
8
221931
8
161262
6
232711
9
309405
12
288928
11
297531
12
114947
4
26602
1
284567
11
131634
5
243095
10
129331
5
51342
2
161984
6
312731
12
110572
4
304485
12
331377
13
28435
1
113551
4
208080
8
149883
6
325298
13
72992
2
270846
11
316369
12
267943
10
53417
2
23637
0
104126
4
251097
10
80976
3
204818
8
80925
3
61207
2
84054
3
76734
3
207630
8
26978
1
334928
13
295328
11
32265
1
331990
13
43255
1
303457
12
57022
2
73878
3
199264
8
59551
2
100838
4
12866
0
268972
11
33493
1
52117
2
51296
2
327410
13
184729
7
210759
8
322877
13
163893
6
24399
1
64438
2
97422
4
115167
4
55189
2
54650
2
246219
10
271930
10
169751
6
163537
6
65265
2
168095
6
188770
7
277080
11
107103
4
80285
3
214846
8
6638
0
254800
10
327756
13
247520
9
220157
9
323757
13
244696
10
98982
4
81307
3
106521
4
56656
2
29920
1
284353
11
172688
7
255383
10
166488
6
136588
5
277603
11
181155
7
8186
0
2764
0
262559
10
128576
5
46141
1
152718
6
194778
7
84082
3
130717
5
103097
4
79062
3
242039
9
45294
1
227794
9
56276
2
177871
7
85199
3
255975
10
119882
4
322615
13
174443
6
335111
13
289011
12
12938
0
151942
6
310191
12
328179
13
65893
2
208597
8
172812
7
122729
4
42868
1
249634
10
286752
11
182405
7
145865
6
211952
8
85888
3
240265
9
139822
5
188439
7
96907
4
231894
9
215882
8
131303
5
69552
2
153634
6
322208
13
99746
3
133683
5
498
0
315746
12
12321
0
70326
2
198686
7
104698
4
159034
6
208977
8
61969
2
314152
12
116021
4
22200
0
19766
0
122942
4
291799
11
134222
5
34690
1
231646
9
86025
3
319789
13
226756
9
195914
7
52134
2
153575
6
220911
8
91748
3
322964
13
42590
1
241343
9
115337
4
41722
1
110757
4
115347
4
1464
0
159933
6
69638
2
56709
2
299253
12
156144
6
10018
0
195439
7
105895
4
269776
10
151114
6
124496
5
193351
7
230209
9
55723
2
267474
10
184263
7
28975
1
174460
7
66645
2
158711
6
47841
1
141904
5
177455
7
105871
4
102027
4
264613
10
297175
11
65204
2
187326
7
163498
6
138919
5
48576
2
225546
8
272175
10
41910
1
315382
12
304295
12
273556
11
128715
5
334952
13
37199
1
133793
5
217005
8
220448
8
300861
12
273034
10
280161
11
205457
8
73426
2
154843
6
63076
2
41570
1
279450
11
239227
10
65617
2
144652
5
225460
10
59588
2
59359
2
5612
0
169716
7
299647
12
193178
8
199491
8
28704
1
202745
8
48514
1
71042
2
50500
2
72253
2
294383
11
108879
4
253676
9
298114
11
220008
8
67277
2
112713
4
154675
6
179987
7
64013
2
17532
0
290851
11
2374
0
90890
3
334399
13
37243
1
245416
9
83207
3
43960
1
106057
4
228225
9
225779
8
118475
4
78430
3
262794
10
155862
6
85672
3
227945
9
9785
0
78453
3
48526
1
319005
12
144899
5
256627
10
250338
9
110337
4
126652
4
26874
1
307022
12
277044
11
295577
12
19188
0
287395
11
41537
1
220086
8
169171
6
289515
11
318313
12
237749
9
19728
0
139
0
244349
9
335289
13
109694
4
40347
1
126534
5
283347
11
174060
7
226192
9
298803
12
208964
8
162961
6
192249
7
265314
10
134951
5
282621
11
176756
6
253510
10
184284
7
241300
9
328136
13
149693
5
124640
5
144284
5
242168
9
117475
4
21554
0
133296
5
289950
11
89825
3
258360
10
107713
4
123543
4
320727
12
121284
4
136089
5
117450
4
16079
0
256089
10
323633
12
102674
4
272478
10
82098
3
171927
6
101680
3
185316
7
90973
3
46169
1
186794
7
96717
4
167913
6
53483
2
106548
4
171152
6
203770
8
69145
2
94355
3
217488
8
325369
13
306244
12
214758
8
124418
5
231223
9
185305
7
248372
9
12785
0
311715
12
27317
1
206216
8
166685
6
186339
7
89783
3
16893
0
227165
9
6032
0
169374
6
126248
5
198495
7
116825
4
88617
3
74267
3
186841
7
150905
6
156535
6
205465
8
273188
10
275213
10
215425
8
295087
11
35861
1
178539
7
326935
13
250760
10
330361
13
94761
3
226401
8
265228
10
310365
12
124883
5
162485
6
54792
2
138346
5
38199
1
266619
10
107109
4
14104
0
68424
2
29272
1
9361
0
245844
10
204079
7
124178
4
230819
9
183738
7
1173
0
124118
4
183963
7
31373
1
234856
9
313681
12
151500
6
116075
4
14611
0
302675
12
259885
10
224742
9
127396
5
255105
10
113412
4
242189
9
289153
11
3346
0
254335
10
53979
2
69988
2
193472
7
259656
10
287589
11
305387
12
299713
11
98238
3
20805
0
218788
8
288524
11
206588
8
103388
4
42286
1
42749
1
22986
1
88318
3
16777
0
230594
9
304986
12
53430
2
125905
5
13382
0
234304
9
205295
8
186269
7
109282
4
297129
11
39648
1
232243
9
251332
10
9975
0
259125
10
230075
9
319757
13
285812
11
151528
6
129910
5
215694
8
29499
1
183983
7
63122
2
137321
5
234241
9
28043
1
271064
10
138984
5
121644
4
192783
7
288938
11
227969
9
32476
1
52413
2
48830
2
70624
2
116131
4
129771
5
123322
5
221066
8
52257
2
260368
10
91186
3
244325
9
104465
4
128877
5
226585
8
21704
0
47587
1
270998
10
114016
4
204769
8
125300
4
72343
2
156674
6
48131
1
123700
5
3787
0
42308
1
246632
9
89169
3
11488
0
149962
6
85220
3
168074
6
92505
3
122498
5
318089
13
264706
10
235535
9
144311
5
118414
4
219052
8
268705
10
36900
1
275102
10
150094
6
255691
10
197905
7
213323
8
35135
1
195991
7
77752
3
263431
10
90174
3
5314
0
29172
1
160972
6
62171
2
276230
11
312889
12
254812
10
287554
11
71190
2
83042
3
99535
3
80798
3
275397
11
242573
9
287021
11
107710
4
19196
0
145084
5
91945
3
74181
2
198382
8
26233
1
134265
5
191657
7
272728
11
110797
4
26343
1
146346
5
231926
9
181924
7
199726
8
111826
4
74442
3
234225
9
139884
5
290747
11
70194
2
224837
8
267428
10
239605
9
33170
1
114967
4
120167
5
200048
8
187767
7
9451
0
80764
3
298254
12
74439
3
153153
6
205721
8
263233
10
163235
6
259880
10
285720
11
106039
4
84745
3
34530
1
229997
9
94686
3
116743
4
207712
8
81807
3
242273
9
156792
6
168127
6
193745
7
296222
11
167998
6
257217
10
95535
4
317344
12
140975
5
13016
0
60888
2
178365
7
189528
7
71684
2
28154
1
7420
0
35165
1
281292
11
9932
0
61034
2
62112
2
190335
7
1196
0
286036
11
207809
8
137288
5
223801
8
287836
11
310718
12
7101
0
270584
10
252207
10
254482
10
292297
11
171204
6
331885
13
205624
8
114633
4
53077
2
89976
3
186706
7
330927
13
48375
2
141143
5
69184
2
75099
2
332480
13
112355
4
180626
7
187696
7
240428
9
91180
3
305091
12
282928
11
167710
6
307143
12
253655
10
127625
5
197232
8
237771
9
92625
3
171724
7
280173
11
282867
11
76794
3
210901
8
105662
4
309799
12
38249
1
13919
0
7167
0
127813
5
312425
12
328357
13
29763
1
31768
1
58192
2
121958
4
10418
0
321559
13
91817
3
82726
3
234957
9
84991
3
325246
12
103454
4
197213
7
107179
4
12846
0
222548
8
326390
13
319537
12
331767
13
330618
13
9705
0
186499
7
261958
10
78176
3
113766
4
277445
11
167228
6
144118
5
65948
2
152358
6
150480
5
311646
12
217341
8
139878
5
177434
7
311144
12
324337
12
184665
7
103613
4
19049
0
250435
10
245799
9
170106
6
222593
8
280051
11
191743
7
139059
5
306187
12
228101
8
140901
5
282422
11
265418
10
52301
2
917
0
131993
5
11768
0
245508
9
236181
9
100717
3
224875
9
279896
11
71241
2
169872
6
23745
0
128073
5
33160
1
208916
8
132389
5
166406
7
247197
10
322427
13
233779
9
93266
3
268402
10
13146
0
282855
11
252493
9
332910
13
236261
9
52951
2
244128
9
98378
3
237135
9
192339
7
179292
7
58999
2
290118
11
166967
6
306485
12
122489
5
202310
8
333704
13
129548
5
139727
5
329639
13
19466
0
155511
6
32800
1
130546
5
13129
0
104127
4
276224
11
262439
10
279250
11
183074
7
293449
11
294453
11
262284
10
207806
8
217259
8
18904
0
111661
4
36047
1
323996
12
213359
8
189390
7
259628
10
317819
12
273470
10
261517
10
296403
12
223564
8
157403
6
279211
11
181033
7
50714
2
32716
1
256014
10
323355
12
94228
3
334057
13
277246
11
12964
0
156808
6
84637
3
168837
6
269323
10
310263
12
83169
3
119310
5
105219
4
116397
4
49797
1
134567
5
265278
10
178633
7
81004
3
2361
0
297608
11
265904
10
272060
10
99655
4
154711
6
278336
11
114408
4
326482
13
123659
4
159062
6
52312
2
17534
0
312545
12
100625
4
110970
4
296582
11
11564
0
309908
12
214480
8
246961
9
8092
0
287837
11
134998
5
202260
8
176764
7
278314
11
41761
1
31957
1
311837
12
44814
1
317604
12
63767
2
135379
5
210281
8
223909
9
209130
8
60079
2
214426
8
286680
11
321308
13
294106
12
258306
10
58460
2
27542
1
180196
7
297658
12
223294
9
42397
1
320315
13
327757
13
276964
11
265794
10
181533
7
269075
10
217051
8
67361
2
102625
4
15056
0
151916
6
207669
8
153668
6
95402
3
183795
7
326765
12
89777
3
271732
10
197346
7
275361
10
207562
8
32774
1
99760
3
275167
11
169196
6
100928
3
229965
9
39229
1
270497
11
120816
5
92187
3
20709
0
129518
5
317669
12
220322
8
182878
7
1902
0
9097
0
161713
6
161476
6
266657
10
196142
7
124815
5
125343
5
80725
3
164572
6
26074
1
30536
1
175855
8
273861
11
330358
13
237601
9
33629
1
206887
8
227821
9
98355
4
64105
2
323854
13
284734
11
92437
3
54270
2
220099
8
118077
4
250373
10
4967
0
56105
2
250149
10
185216
7
179271
7
182025
7
249491
10
136956
5
298731
12
154724
6
47223
1
287002
11
277120
10
163334
6
43823
1
123065
4
18939
0
316790
12
280978
11
332614
13
39282
1
163233
6
263279
10
185286
7
328040
13
18008
0
167552
6
99591
4
208313
8
40932
1
253874
10
20132
0
114728
4
152403
6
221514
8
67602
2
269170
10
218589
8
115341
4
90177
3
54900
2
191948
7
276140
10
43371
1
117328
4
267746
10
257392
10
254767
10
75391
2
9850
0
24200
0
273646
10
129127
5
304479
11
138668
5
224584
8
37301
1
290860
11
216261
8
130583
5
124662
4
320053
12
149042
5
297768
11
324396
13
158931
6
62018
2
240288
9
302444
12
152171
6
44953
1
179010
7
167037
6
167414
6
252023
9
317585
12
23415
0
87639
3
107941
4
201038
8
302845
12
282193
11
248685
9
149213
5
311520
12
218974
8
44656
1
44453
1
184856
7
247257
9
74680
2
43764
1
41018
1
195764
8
68190
2
297090
12
119423
4
170803
7
19722
0
28026
1
135085
5
121591
4
308108
12
211959
8
316685
12
240171
9
204748
8
178575
7
225843
9
331239
13
127206
5
70174
2
107570
4
144728
5
112591
4
139750
5
110860
4
25035
1
72154
3
153546
6
317850
12
230480
9
289175
11
285229
11
332855
13
254966
10
27924
1
279095
11
24518
1
165491
6
45592
1
234147
9
172716
6
176729
7
246702
10
243165
9
254627
10
161806
6
247521
10
56666
2
16333
0
56946
2
86611
3
274053
11
140322
5
13777
0
241792
10
218469
8
397
0
160920
6
18928
0
301312
12
102836
4
116855
4
258094
10
286549
11
172836
7
205942
8
162735
6
62596
2
193555
7
6629
0
232138
9
175887
7
60000
2
136810
5
204083
8
205700
8
113811
4
264410
10
172659
6
88313
3
174579
7
300684
11
267885
10
18956
0
232528
9
1466
0
31589
1
332973
13
300801
12
242730
9
225897
9
228127
9
211770
8
250250
10
228936
9
165810
6
253054
10
78765
3
145392
6
167463
6
11131
0
121110
4
313039
12
124189
5
120760
5
253463
10
176947
7
171779
7
31820
1
320388
13
180762
7
217639
8
297908
12
166186
6
315370
12
146804
5
15773
0
68164
2
52223
2
254586
10
82701
3
96350
3
252250
10
257860
10
77640
3
331231
13
208980
8
52221
2
208406
8
98684
4
56387
2
196191
8
214510
8
243801
9
304230
12
237153
9
98356
3
330359
13
18115
0
32113
1
134949
5
247674
10
170539
7
58008
2
262976
10
8011
0
26779
1
186585
7
143806
5
134169
5
294946
12
124980
5
207391
8
242813
9
42638
1
110789
4
24969
0
161936
6
330482
13
236725
9
149012
6
83660
3
262884
10
122510
5
321054
13
193476
7
42130
1
314430
13
192568
7
75754
2
163432
6
121900
5
230084
9
41955
1
220982
8
20952
0
164324
6
174678
7
46800
1
94542
3
34833
1
302150
12
228186
8
5619
0
55368
2
280922
11
280893
11
258427
10
32457
1
38397
1
186978
7
300055
12
46179
2
294668
11
194342
7
205145
8
155003
6
103477
4
271433
11
164537
6
101853
4
24036
0
37217
1
221137
8
167699
6
74166
2
221175
8
252730
9
220657
8
9687
0
238501
9
51174
2
241249
9
255053
9
127018
4
287107
11
301228
11
299490
11
79621
3
94674
3
16431
0
41075
1
276309
10
317678
12
150432
6
269607
10
78716
3
162258
6
37225
1
27132
1
224120
9
9629
0
211847
8
272698
10
63666
2
158530
6
317414
12
196534
8
178173
7
27310
1
292154
11
186512
7
259429
10
137412
5
68611
2
16243
0
45972
1
222611
9
113370
4
216794
8
62275
2
116466
4
150845
6
267928
11
46317
1
327082
13
157819
6
78408
3
311605
12
197873
7
235888
9
169921
6
257340
10
183274
7
83130
3
274315
10
315671
12
11914
0
103114
4
87748
3
118573
4
135356
5
152064
6
265776
10
251589
10
265915
10
115674
4
7646
0
57639
2
25525
1
28367
1
656
0
314779
12
330323
13
145407
5
53458
2
163380
6
321459
13
271079
11
47964
1
243626
10
92693
3
4279
0
204229
8
293254
11
182715
7
193016
7
40976
1
109042
4
66144
2
125110
5
50915
2
282348
11
296165
11
84572
3
114516
4
294728
11
231107
9
281681
11
78944
3
257525
10
281205
11
162556
6
156064
6
291517
11
335087
13
263184
10
290714
11
156018
6
273369
11
190288
7
181550
7
21289
0
172689
7
303845
12
151039
5
133384
5
426
0
116939
4
169911
6
258855
10
136771
5
36758
1
195019
7
288836
11
86663
3
282648
11
175294
7
313018
12
49056
1
145929
5
191343
7
246137
10
157519
6
184873
7
105553
4
91402
3
25035
0
124485
5
16859
0
24026
1
84899
3
256899
10
46362
1
135296
5
143011
5
139545
5
40900
1
1680
0
252550
10
151707
6
47872
1
188644
7
210764
8
79729
3
331832
13
271685
11
186112
7
209929
8
328664
13
179098
7
65514
2
259090
10
288429
11
250326
10
300937
12
58870
2
80113
3
173934
6
312929
12
56735
2
236073
9
8890
0
36035
1
49247
1
255864
10
96455
3
210783
8
75844
3
100268
4
23271
1
298629
12
202811
8
263654
10
33938
1
51519
2
161305
6
55364
2
319637
12
264776
10
160401
6
14412
0
149778
5
40727
1
50010
1
324317
12
164559
6
268451
10
50632
2
23903
1
64907
2
107833
4
270110
10
132329
5
313562
12
329438
13
61916
2
52372
2
281181
11
102979
3
4316
0
322493
12
69787
2
23591
1
259054
10
849
0
297748
11
61027
2
288330
11
207887
8
295015
12
69224
2
98069
4
41630
1
8111
0
13322
0
256560
10
334632
13
236832
9
280713
11
134425
5
269381
10
141473
5
160137
6
87793
3
297853
11
85315
3
109733
4
206905
8
207490
8
44788
1
60123
2
208622
8
11578
0
140626
5
54796
2
314074
12
108202
4
187605
7
18828
0
120596
4
232035
9
42684
1
215057
8
117897
4
16662
0
156540
6
280653
11
49733
1
324694
13
49469
1
109219
4
276555
10
175708
6
251841
9
175330
6
244762
9
199670
7
33603
1
62841
2
128436
5
89574
3
72222
2
135367
5
62206
2
164896
6
181
0
132897
5
273681
11
257768
10
9780
0
249800
10
282916
11
198645
7
30119
1
11639
0
104715
4
62570
2
20841
0
290502
12
182178
7
256223
10
316800
12
73877
2
164769
6
257821
10
197951
8
325140
13
257872
10
141705
6
334357
13
299490
12
86334
3
327765
13
143120
5
29129
1
296904
11
218554
8
38400
1
131401
5
226390
9
160858
6
128065
5
53104
2
175621
7
231144
9
175190
7
239621
9
296211
12
7189
0
202450
8
79628
3
146086
6
293888
11
78897
3
158296
6
43565
1
329172
13
305755
12
9792
0
237915
9
92326
3
35887
1
34396
1
6352
0
300131
11
91813
3
335382
13
90452
3
120918
4
242533
9
57454
2
221548
9
155507
6
240943
9
155806
6
300326
12
121474
4
19948
0
229152
9
316663
12
275855
11
300060
11
190228
7
187366
7
166326
6
185277
7
309717
12
97270
4
124440
4
172480
6
72231
2
144887
6
218803
8
50553
2
242917
10
220354
8
110984
4
172235
6
145012
6
244092
9
31672
1
22401
0
166360
6
121999
5
62140
2
76053
2
256112
10
87046
3
330409
13
329958
13
57042
2
125553
4
242678
9
108702
4
54866
2
223762
9
179336
7
314984
12
85598
3
304492
12
51961
2
47943
1
174161
7
269754
10
240271
9
50947
2
105528
4
323896
13
169718
6
49953
1
253526
10
234236
9
297168
12
1137
0
237958
9
154936
6
3632
0
60303
2
106961
4
98293
3
123316
5
288848
11
117995
4
56586
2
212091
8
214081
8
85807
3
71654
2
40109
1
130157
5
93118
3
76625
3
268630
11
332724
13
66349
2
290719
11
124741
5
322386
12
113801
4
20161
0
199007
7
99606
3
56591
2
52074
2
257473
10
204853
8
170784
6
202526
8
289617
11
157310
6
132823
5
7034
0
111293
4
111703
4
295882
11
37930
1
194280
7
246071
9
304093
12
200059
8
99652
4
71226
2
251144
10
72708
3
147235
5
230167
9
131136
5
224429
9
14627
0
272950
11
89559
3
136072
5
104331
4
219004
8
239855
9
10038
0
101817
4
155822
6
310111
12
4708
0
105251
4
29374
1
30705
1
146654
5
125102
5
151096
6
49257
2
84114
3
110940
4
163944
6
320330
13
45849
1
289525
11
192847
7
101528
4
139000
5
145342
5
78527
3
79457
3
313134
13
49473
2
234952
9
178505
7
108175
4
281256
11
303845
12
215037
8
42455
1
233581
9
138495
5
276710
11
326612
13
316749
13
80309
3
243271
10
297337
11
251439
10
293298
12
105947
4
209013
8
6562
0
79486
3
32726
1
117290
4
118995
4
192371
8
299548
12
21579
0
36231
1
163132
6
78400
3
263120
10
272669
10
235885
9
162676
6
207725
8
191005
7
141393
5
115824
4
278789
11
272856
11
128548
5
213753
8
4813
0
332142
14
65839
2
13821
0
149093
6
218165
9
167231
6
77434
3
148168
6
200617
8
70235
2
232862
9
142293
6
7836
0
33038
1
150056
6
292660
12
299055
12
8259
0
188204
7
243924
9
78081
3
102736
4
326278
13
181288
7
265655
10
306926
12
122574
5
79748
3
45586
1
309652
12
84435
3
92408
3
165101
6
279055
11
49321
1
194649
7
275942
11
125955
5
198271
8
211128
8
188526
7
180038
7
66954
2
182834
7
282810
11
251595
10
248783
9
35036
1
38524
1
36158
1
264806
10
191808
7
293870
11
134251
5
34357
1
59440
2
88944
3
131705
5
22552
0
158170
6
259653
10
86690
3
182814
7
257720
10
223180
8
140971
5
170979
6
298902
12
77852
3
147262
5
270318
10
35242
1
5643
0
170521
6
292222
11
57192
2
283983
11
329914
13
85129
3
163772
6
324633
13
226832
9
202831
8
243183
9
126509
5
146932
6
241065
9
165755
6
212786
8
173152
6
260332
10
252968
10
9844
0
128494
5
212224
8
258730
10
42264
1
10249
0
216283
9
254119
10
180677
7
268505
10
5254
0
143397
5
214704
8
117531
4
175883
7
303968
12
19827
0
58497
2
49182
2
208264
8
119914
4
71474
2
201190
8
37920
1
228903
9
14787
0
242297
9
313764
13
327118
13
315743
13
83748
3
222433
9
57859
2
152377
6
309788
12
36711
1
324439
13
324667
13
154264
6
142593
5
312268
12
20924
0
204333
8
151655
6
56408
2
78074
3
55596
2
288095
11
257942
10
82193
3
247387
10
142954
5
236639
9
98744
4
314244
12
213372
8
104707
4
186578
7
25639
1
218603
8
221607
8
234322
9
315327
12
126768
5
73826
2
100110
4
84046
3
296345
11
87057
3
269581
10
218435
8
59210
2
51365
2
125636
5
6569
0
4054
0
71375
2
246039
10
21951
0
110176
4
10140
0
3261
0
5953
0
142181
5
13646
0
297023
11
317377
12
322623
13
159910
6
35058
1
148875
6
64005
2
184634
7
125896
5
66320
2
69959
2
56860
2
246921
9
238359
9
90634
3
229013
9
40747
1
177896
7
328563
12
189538
7
128827
5
100800
3
60067
2
325883
12
195482
7
40930
1
16996
0
66666
2
256992
10
123734
4
7968
0
294961
11
91648
3
295993
12
326013
13
218068
8
334990
13
280272
11
218895
8
127911
5
276243
11
287809
11
162672
6
17935
0
250901
10
4585
0
176426
7
41048
1
61616
2
104139
5
131205
5
235265
9
309718
12
76566
3
43466
1
230046
9
129926
4
253216
10
80845
3
325976
12
61574
2
138807
5
78859
3
297451
11
222260
8
29690
1
316775
12
114754
4
94558
3
194697
7
213662
8
183795
7
257142
10
262175
10
181188
7
311169
12
203670
8
213325
8
200865
14
209247
27
161052
17
277292
10
45837
2
270487
20
89247
3
49178
2
331479
13
62868
2
208362
8
100617
3
230640
9
92335
3
241456
9
261881
10
258157
10
246354
9
49949
2
140953
5
20357
0
28125
1
306334
12
54393
2
216541
8
141311
5
283482
11
96534
3
56186
2
139067
5
334293
13
202932
8
206672
8
80324
3
291727
11
119132
4
42734
1
327666
13
240664
9
37581
1
224198
9
331924
13
38077
1
55643
2
209155
8
60513
2
106934
4
36610
1
5878
0
265950
10
253699
10
225060
9
243532
9
122359
5
159960
6
216639
8
62099
2
313659
12
13168
0
95817
3
199444
8
133416
5
234724
9
290366
11
119282
4
286201
11
62226
2
117716
4
42841
1
82641
3
137253
5
93500
3
76437
2
156279
6
234525
9
217578
8
105012
4
225836
8
323593
13
261180
10
1307
0
115268
4
144731
5
132325
5
60591
2
178634
7
277669
11
252049
10
230417
9
281908
11
207172
8
158897
6
181675
15
209296
10
222633
9
41245
1
112421
4
123810
5
290764
12
190083
8
57232
2
220453
9
320400
13
113185
5
267714
10
9753
0
172599
7
92173
3
58478
2
125077
5
155411
6
303988
13
131996
5
5187
0
2853
0
30399
1
55012
2
5541
0
228923
9
9608
0
164648
6
296362
15
311601
13
85165
3
57277
2
207276
10
121197
5
244390
11
177737
8
309688
13
192734
9
290403
15
291024
14
314099
13
195141
8
273198
11
131827
5
228288
9
244008
9
50493
2
146859
5
207014
8
84707
3
99303
4
156070
6
165913
6
122201
4
22753
1
25360
1
253938
10
43431
1
8421
0
178061
7
123808
5
199577
7
224897
9
222358
8
42615
1
158983
6
266160
10
164529
6
122875
4
321001
12
310269
12
16061
0
49937
2
278681
11
272130
11
301100
12
302959
12
253342
10
264043
10
249493
10
196260
8
254780
10
219294
9
13525
0
1677
0
133145
5
91476
3
311035
12
229039
9
23729
0
79621
3
212922
8
150025
5
244571
10
211439
8
140164
5
143958
6
121089
4
194843
8
322932
13
100912
4
193472
7
138072
5
257911
10
140219
5
314464
12
291428
11
119388
4
143217
6
286344
11
170634
6
246777
10
81446
3
76458
3
24103
0
17221
0
306871
12
320607
13
81851
3
283570
14
282880
11
163616
9
96221
4
49370
2
130888
8
137673
8
121968
5
17683
0
180717
9
55712
5
199712
29
26285
1
292948
20
1669
0
103460
12
310242
21
3005
1
45326
2
229392
22
285362
19
301810
21
21643
0
219640
20
267623
18
307517
15
117809
14
288817
21
174594
8
265479
11
90895
4
63501
2
205875
8
278602
13
317680
17
215640
12
315442
35
13082
0
247514
35
56724
3
64339
3
325076
19
202474
14
29465
1
7696
0
103797
5
224533
10
297606
14
195513
9
29949
1
43346
2
48789
2
206960
10
318367
16
199767
9
233773
12
197315
10
61282
3
161078
9
122151
6
275640
14
100892
5
149348
6
27748
1
183458
8
182750
8
65391
3
100063
5
144351
9
311719
21
11136
0
181622
11
223986
12
308946
24
42112
2
17467
0
259674
13
281168
15
287455
16
121247
7
246982
11
262706
15
334907
15
25390
1
165054
7
328936
15
151216
6
233927
10
71375
3
105547
4
93223
4
217720
9
5990
0
209195
9
167998
7
304581
13
166484
7
115430
4
309488
13
175285
8
328504
15
156016
7
56794
3
124833
5
278303
13
98073
4
203948
9
147340
6
19394
0
220519
10
84692
3
242731
10
134362
5
48439
2
88832
4
74672
3
116422
5
106209
4
101480
4
46249
1
319622
13
251465
10
7631
0
187986
8
38793
1
126002
5
266574
11
95658
4
169596
7
25363
1
202965
8
276055
12
134244
5
214485
9
247596
10
159861
6
232310
10
259534
11
189611
8
166221
6
243710
10
12989
0
295542
12
166315
7
77957
3
111451
4
201200
8
320833
13
318241
12
328302
13
9618
0
95229
4
268961
10
212424
9
141096
5
179374
7
226199
9
130974
5
60082
2
327421
13
286528
11
192479
7
235400
9
62482
2
100300
4
233356
11
323130
14
215257
10
133507
5
286861
12
132898
5
12800
0
251829
10
86906
3
162564
7
320743
13
110618
4
209140
8
18171
0
11195
0
44692
1
13492
0
67231
2
65549
2
186070
7
114209
4
67601
2
47604
1
114816
4
96187
3
106670
4
73210
3
299433
12
151680
6
84428
3
324429
13
196762
8
109842
4
103067
4
46092
1
274279
11
85473
3
223948
9
186492
7
64246
2
117286
5
90297
3
48329
2
72841
3
60912
2
141634
6
193551
8
195769
8
73136
3
237330
9
245740
10
186124
7
115338
4
18903
0
250811
10
82813
3
301545
12
302487
12
289040
12
105949
4
282052
11
247693
10
210396
8
225820
9
275040
11
128659
5
328554
13
81202
3
16288
0
129762
5
164384
6
41704
1
20847
1
139279
5
243910
10
244162
10
46952
2
250600
10
22430
1
195651
8
238073
9
89973
3
227476
9
242891
10
226106
9
317448
13
178072
7
65449
2
132150
5
313386
13
62738
2
273605
11
102188
4
5611
0
289718
11
274330
11
318912
13
161765
6
169984
7
168749
7
321728
12
166550
6
108106
4
304549
12
324295
13
145440
6
246996
10
72393
2
227303
9
334486
13
259507
10
72440
2
134692
5
159623
6
34210
1
74152
2
11024
0
152570
6
36511
1
244970
9
211478
8
59240
2
172658
6
117395
4
160434
6
88205
3
56924
2
166199
6
246574
9
323651
13
129773
5
246120
10
195560
7
320383
13
118132
4
294611
12
189617
7
290836
11
26290
1
124265
4
35693
1
15380
0
190975
7
253535
10
329105
13
234092
9
30423
1
139331
5
64322
2
140447
5
27503
1
236232
9
183228
7
32531
1
44981
1
246557
10
212736
8
163722
6
149953
6
323359
13
54455
2
33689
1
109081
4
53532
2
126849
5
215667
8
193329
7
260608
10
244110
9
259074
10
60132
2
169204
6
249405
9
154544
6
66958
2
297782
11
70293
2
225885
8
182278
7
308957
12
8950
0
157
0
147333
5
98641
4
110408
4
313519
12
174857
7
281607
11
114086
4
140400
5
153883
6
95810
3
45027
1
175384
6
309918
13
200859
8
213229
8
310745
12
304440
12
143186
5
694
0
274952
11
277627
11
178310
7
234183
9
92426
3
231601
9
126910
5
257349
10
313795
12
212239
8
170276
7
250504
10
142604
5
187620
7
306795
12
205044
8
334623
13
128594
5
281945
11
227874
9
157281
6
230037
9
313757
12
216086
8
99521
3
197678
8
280616
11
218329
9
60662
2
122359
5
188443
7
269936
11
164141
6
34091
1
181009
7
253990
10
121362
4
107905
4
204991
8
306632
12
82558
3
55466
2
160753
6
33514
1
157467
6
266254
10
246405
9
332186
13
85107
3
120511
4
184623
7
12565
0
82091
3
261095
10
29408
1
197859
7
281624
16
266031
10
314275
12
299306
12
269715
11
150069
6
145800
5
216848
8
152877
6
67594
2
24134
0
118535
5
140363
5
328935
13
146953
5
105063
4
166417
7
259692
11
222235
9
119487
4
329091
13
327297
13
229374
9
174158
6
318197
12
226122
9
87394
3
142662
5
222475
9
152235
6
158469
6
203011
8
134095
5
263960
11
3563
0
334493
14
219804
8
178386
7
257009
10
255119
10
83166
3
278440
11
8620
0
168277
6
314487
12
136837
5
330667
13
159492
6
70004
2
300780
12
275673
11
103736
4
190191
7
238832
10
133816
5
181749
7
897
0
308747
12
305872
12
32110
1
149158
6
55161
2
318863
12
255255
10
211431
8
304274
12
223198
9
161589
6
211862
8
152777
6
212898
8
324255
13
196548
8
244053
9
255225
10
203622
8
107888
4
80765
3
130551
5
167927
7
181982
7
315177
13
196003
8
250747
10
310604
12
259940
11
291366
11
27055
1
209196
8
10433
0
301455
12
70533
2
242837
10
310178
13
247076
10
211685
8
172975
7
56621
2
316894
13
249206
10
169930
7
88292
3
289652
11
220542
8
317307
13
168606
6
200856
8
20441
0
5490
0
187524
7
5956
0
225548
9
218657
9
48796
2
22251
0
171116
6
98309
4
188968
7
54906
2
228969
9
99973
4
6561
0
172077
7
144446
6
153790
6
178144
7
108536
4
319388
13
20694
0
80802
3
95378
4
112518
4
84505
3
288406
12
223525
9
60277
2
123450
5
261907
10
323073
13
151176
6
187771
7
109293
4
104223
4
307933
12
255083
10
220664
9
110272
4
252132
10
92478
3
158725
6
86329
3
180504
7
212803
8
37884
1
192452
8
136086
5
218122
8
25991
1
287413
11
241849
10
294595
12
112013
4
174621
6
31223
1
80624
3
90509
3
100976
4
277351
11
80604
3
272268
10
211654
8
323239
13
106347
4
122054
4
196143
8
152658
6
163301
6
94153
3
293844
12
324019
13
83499
3
253327
10
309919
12
181295
7
140029
5
87985
3
271729
11
163214
6
75446
3
191438
7
21561
1
183179
7
91703
3
127330
5
276568
11
151293
6
227316
9
174845
7
82794
3
261089
10
258436
10
154225
6
239603
9
197781
8
106892
4
281841
11
124571
5
70631
3
68407
2
220063
9
272273
11
67924
2
256670
10
151482
6
225825
9
121273
5
239791
9
223144
9
232002
9
196143
7
268834
10
171056
6
160225
6
247304
9
238353
9
219710
9
259233
10
56161
2
108076
4
167887
16
11983
0
219292
8
333727
18
87353
3
126157
7
35004
1
67841
3
222058
14
327919
13
154862
6
326483
13
202302
8
52615
2
217004
8
289905
12
243434
9
247586
10
125871
5
15426
0
231170
10
298768
12
301855
12
229230
9
215297
8
98334
4
241784
9
21610
0
27206
1
240465
11
152735
6
81596
3
25313
1
186114
7
266833
10
243349
9
38392
1
231723
9
180173
7
320334
12
261663
10
120667
4
205413
8
19374
4
290822
12
117193
5
306466
13
138951
5
137834
6
2982
0
333284
15
79773
3
44562
1
105859
4
106071
7
77652
3
144862
6
249329
12
238013
12
305178
15
101958
4
207558
10
266562
11
80986
5
204985
9
55811
2
202514
11
107615
4
276597
12
213541
9
325120
13
23952
1
249954
10
265814
12
91635
3
273873
11
172860
7
160880
6
224684
9
254539
10
233227
9
324491
13
264062
10
301622
12
200600
7
48854
1
69242
3
326075
26
217417
13
199084
9
236198
10
12357
0
75239
3
86389
4
332280
17
101702
5
134872
6
110811
4
99039
4
147100
8
25047
1
132822
6
133661
6
92747
4
327108
16
86780
4
142071
6
333832
17
256433
12
281870
11
49274
2
17259
0
90120
3
328613
13
39924
1
298505
12
97238
4
2433
0
54719
2
136134
5
119493
5
31007
1
298602
13
290366
12
160203
7
239686
13
103950
4
176689
14
242421
10
3297
0
26075
1
30487
1
180023
7
250510
10
19582
0
213094
8
283162
11
68625
2
14288
0
252107
10
149476
6
331628
13
213505
9
303828
13
180205
7
15132
0
239362
10
93398
3
149557
6
123352
5
201986
8
160400
6
170448
7
74792
3
47713
2
137743
5
318886
16
132699
5
4440
0
64159
2
54035
2
152912
6
239474
10
126973
5
60965
2
121797
5
43597
1
27089
1
202381
8
217261
8
41323
1
108223
4
38230
1
304192
11
52686
2
185045
7
202630
7
268366
10
119219
4
55840
2
240132
9
12661
0
258156
10
121901
5
131384
5
226863
8
125344
5
173964
6
127146
5
57752
2
180979
7
182038
7
161909
6
34495
1
266895
11
133278
5
54707
2
178068
7
124604
4
104427
4
300934
12
172878
7
271785
10
127528
5
193539
7
257665
10
141906
5
24677
0
78451
3
60930
2
202987
8
98380
4
228538
9
141536
5
115564
4
287700
11
140087
5
105424
4
231455
9
266074
10
161197
6
147649
6
334390
13
169761
6
325366
13
134924
5
5489
0
322967
12
159860
6
272675
11
44663
1
22517
0
38498
1
73694
2
318450
12
297590
11
219065
8
185446
7
1330
0
16433
0
294890
12
194157
7
63322
2
138880
5
102580
4
82859
3
208951
8
20502
0
204847
8
110366
4
51409
2
285540
11
131777
5
114914
4
299098
12
203565
8
128176
5
162002
6
204257
8
51736
2
132271
5
13727
0
148184
6
14303
0
59945
2
107819
4
147853
5
169804
7
135257
10
220772
17
101762
9
228197
10
237512
17
189334
8
266391
12
17689
0
32605
1
42148
1
263701
14
120721
4
101196
4
232450
11
26700
1
89378
4
294962
12
333969
13
24911
1
82042
3
184883
8
24830
0
273152
11
227645
9
156712
6
245390
9
7985
0
258667
11
113013
4
284349
11
317373
13
256332
10
41689
1
329274
13
196886
8
165539
6
70856
3
233541
10
305182
12
283231
11
73955
3
60177
2
48866
1
132953
5
240018
9
193083
7
277329
11
175076
7
60544
2
312171
14
64788
3
205071
8
160512
8
140276
5
216611
10
309589
15
194063
8
306705
15
72770
5
97591
5
137868
5
164260
6
317716
12
128052
6
23818
1
199603
11
193305
9
237438
10
159124
7
180366
8
299358
13
266229
14
111436
6
87600
5
224836
14
317148
12
332624
13
323393
17
53187
6
182888
12
294738
22
281282
12
104221
4
246744
10
34930
1
184291
8
166724
8
166758
8
46578
2
267363
13
23264
1
224685
10
278910
12
1572
0
42148
1
246569
10
318074
12
160127
6
215458
8
7823
0
322309
13
20381
0
151509
6
201974
8
169031
6
228926
9
29944
1
310990
12
232226
9
70009
2
145843
6
29678
1
245707
10
97717
3
26363
1
24654
1
288641
11
94302
3
293052
12
56594
2
259771
10
123932
4
254375
10
119720
4
132611
5
14392
0
292738
12
310296
12
27390
1
127486
5
317614
12
13106
0
108202
4
307649
12
186769
7
166271
7
110329
4
45420
2
246137
10
315241
12
142380
5
208694
8
48529
1
131999
5
254357
10
108020
4
198997
7
258749
10
56782
2
149064
6
93827
3
84885
3
167645
6
36640
1
254269
10
119031
4
223695
9
292766
11
291359
11
58121
2
288851
12
89075
3
127634
5
138109
5
114571
4
316827
13
42965
1
279041
11
70047
2
185402
7
87944
3
258878
10
12100
0
242007
10
246272
10
181925
7
165516
6
96971
4
272156
10
81408
3
12961
0
23329
1
80023
3
31928
1
106645
4
8893
0
117964
4
101200
4
101184
3
304132
12
27289
1
106142
4
253858
10
223852
9
214471
8
89290
3
49029
1
154480
6
10098
0
314634
12
287019
11
224448
8
143835
5
80890
3
224042
8
280217
11
63264
2
285805
11
183409
7
103731
4
178590
6
256457
10
127120
5
163522
6
172577
7
78420
3
249320
10
170901
6
176387
7
240849
9
189408
8
167637
6
293879
12
118805
4
275364
11
312552
12
117669
4
139356
5
199142
8
169397
6
258347
10
3840
0
231666
9
39190
1
35706
1
46333
1
111936
4
95501
4
157391
6
29638
1
168538
6
41447
1
66890
2
103775
4
62240
2
264013
10
159552
6
218956
8
253273
10
235384
9
233528
9
149070
6
184068
7
23002
0
172488
7
112634
4
221959
8
259780
10
46793
2
231677
9
223114
8
211821
8
43620
1
142224
5
157814
6
255565
10
8583
0
231473
9
110800
4
312657
12
271323
10
214874
8
114468
4
127927
5
103287
4
327165
13
58541
2
43259
1
307468
12
254799
10
74315
2
283942
11
170612
6
143140
5
146044
5
103364
4
15334
0
141458
5
59249
2
96657
3
273690
10
204992
8
14446
0
142053
5
156357
6
88156
3
254943
10
229863
9
275693
11
126279
5
302712
12
193467
7
305181
12
125591
5
195911
7
291686
12
171144
6
222061
9
40042
1
63134
2
167216
6
194856
8
189382
7
80705
3
146156
5
89765
3
83501
3
5868
0
201481
8
213470
8
39465
1
173562
7
320321
13
115196
4
188371
7
95074
4
278746
11
324781
13
130454
5
84090
3
163679
6
17974
0
8860
0
96476
4
17582
0
144696
5
9887
0
107302
4
218715
8
289700
11
177557
7
244964
9
120544
4
304930
12
62603
2
167978
6
53301
2
252542
10
111584
4
77614
3
22511
0
330371
13
332237
13
233585
9
22430
0
103925
4
236424
9
317994
12
153047
6
114387
4
183728
7
114711
4
203651
8
17110
0
157686
6
287683
11
305238
12
201182
8
181676
7
236150
9
315011
12
329761
13
317157
13
52101
2
78169
3
254124
10
106831
4
61130
2
233805
9
121887
4
7566
0
184873
7
135406
5
306814
12
161212
6
203225
8
123249
5
312976
12
299147
12
101030
4
109923
4
92790
3
164203
6
120030
4
265609
10
170442
7
328417
13
57577
2
162380
6
103214
4
249477
10
24814
1
324081
13
46055
1
289365
11
26950
1
335018
13
50666
2
94799
3
60397
2
271444
11
280051
11
34082
1
242936
9
217813
8
208207
8
219002
9
208590
8
74145
3
178528
7
82149
3
239666
9
88345
3
241906
9
301364
11
308550
12
168381
6
244504
9
225693
9
253758
10
247837
10
263543
10
176311
7
195837
8
27969
1
285364
11
273828
11
93177
3
264373
10
242459
9
286839
11
237910
9
45142
1
198800
7
20247
0
25138
1
172106
7
287700
11
46198
1
311181
12
182579
7
232462
9
51971
2
259084
10
134498
5
328916
13
218460
9
54263
2
52754
2
303437
12
129588
5
76645
3
24144
0
295959
12
290212
11
183646
7
157929
6
184379
7
85422
3
129160
5
136091
5
186145
7
128898
5
320354
13
143540
5
230512
9
143132
5
254399
10
305971
12
67134
2
279190
11
9297
0
56976
2
78089
3
240091
9
329232
13
138227
5
284432
11
165564
6
294631
12
48866
1
259201
10
137592
5
265860
10
236861
9
95439
4
229330
9
238652
9
121056
4
182586
7
85899
3
60119
2
180196
7
68835
3
220037
9
85079
3
81001
3
218101
8
317810
12
242788
9
117372
4
254413
10
27805
1
26208
1
114499
4
35607
1
274974
10
261045
10
105932
4
45199
1
102831
4
36700
1
231994
9
9490
0
299534
11
205858
8
272659
10
108933
4
280109
11
303991
12
276471
11
43028
1
142108
5
127427
5
65003
2
243383
9
142484
5
242330
9
211036
8
144377
5
258733
10
111138
4
319968
12
174103
7
56335
2
13369
0
266591
10
245283
10
315269
12
4352
0
294119
11
190739
7
182756
7
251460
10
90999
3
163120
6
7935
0
280947
11
102235
4
246132
9
162282
7
26430
1
216192
8
258161
10
71729
2
162134
6
205645
8
264791
10
321996
13
228060
9
201079
8
290467
11
56066
2
116948
4
321734
12
91924
3
254784
10
268777
11
238976
9
257140
10
289860
11
256684
10
193062
7
328925
13
188848
7
8849
0
282765
11
36750
1
327423
13
217396
9
315494
16
232629
12
326865
15
230838
9
124785
4
277739
11
319621
13
76502
3
226657
9
34899
1
228809
10
195966
9
67095
2
41564
1
166887
7
149527
6
206142
9
169396
7
214072
9
121207
5
247989
11
132238
5
184311
8
113890
4
217953
10
272427
11
213946
8
262391
11
214542
8
225609
11
156097
7
106247
4
107525
4
141708
6
223064
9
15423
0
129728
5
251638
10
332528
14
170868
6
174099
7
286972
11
293543
11
314605
13
181310
7
189236
8
289889
13
277028
12
57484
2
300826
15
256981
13
138628
6
315821
16
59084
2
59504
5
183343
8
134436
8
210111
9
5414
0
28024
2
293505
15
276366
11
15472
0
29815
1
82214
4
326809
22
218838
9
210291
14
224207
9
100133
4
133525
6
205788
11
310416
15
141063
6
121367
6
87721
4
194327
11
148972
9
290043
17
111367
8
91202
4
88832
4
276442
16
280402
16
265314
13
310153
14
43173
1
318377
15
278603
11
274143
11
252549
10
301687
12
215259
8
228539
9
210879
8
122058
5
30665
1
127148
5
173151
7
228460
9
316773
13
286813
11
249123
10
54280
2
79740
3
167022
7
256639
10
203600
8
316335
13
104599
4
331938
14
47838
2
186539
7
123632
5
103957
4
125589
5
184458
7
235681
10
197178
8
172547
7
267174
11
123022
5
295625
12
220655
9
286755
12
153581
6
23838
0
134843
5
107218
4
140512
5
234984
10
54154
2
123845
4
211835
9
270176
10
86857
3
249799
9
142319
6
266341
11
245426
10
174209
6
85390
3
2786
0
144978
5
325087
13
301089
11
115944
4
286638
11
111457
4
194666
8
43631
1
251320
10
154869
6
44105
1
324341
13
22779
1
102055
6
28248
1
290993
14
163899
7
248055
10
94809
4
92501
4
34690
1
317067
13
13326
0
275433
11
270002
12
162907
6
308391
12
28779
1
264089
10
222525
8
60951
2
281253
11
63244
2
47353
3
193651
8
143892
6
26522
1
263375
11
244809
10
13246
0
201097
8
122584
5
20377
0
254866
10
11046
0
61980
2
187091
7
241491
10
261554
10
105678
4
241835
9
273286
11
97617
3
222618
9
144149
5
212242
9
257314
10
72439
2
164140
6
86952
3
185851
8
2804
0
312228
13
309179
12
269069
10
191370
7
5052
0
72811
2
33812
1
43899
1
35693
1
168665
6
193170
7
195990
7
238003
9
58924
2
329457
13
52857
2
292998
12
166830
6
220440
9
216653
8
329740
13
97197
3
277203
11
67319
2
84452
3
257261
10
167281
7
161806
6
91617
3
215180
9
220073
8
82631
3
247114
10
4469
0
209962
8
121887
4
77545
3
114776
4
248082
10
45171
1
3764
0
180204
7
135019
5
127549
4
27145
1
232548
9
115133
4
9504
0
49413
1
319413
12
30154
1
184849
7
127216
5
14615
0
297929
12
80113
3
175737
7
146368
6
316524
12
266209
10
30497
1
71088
2
214227
8
174283
7
264257
11
238862
9
126754
5
327350
13
139436
6
117757
4
94909
4
183207
7
293686
13
303643
16
253154
12
157199
6
228487
10
124685
4
81974
3
46484
2
55475
2
80705
3
330203
13
145859
6
142151
5
299248
12
187313
7
134055
5
92135
3
74835
3
42170
1
292029
12
6798
0
187225
7
2594
0
275532
11
316215
13
135350
5
169020
7
262900
10
40376
2
174130
7
334121
13
189609
7
272062
11
38907
1
141975
5
247833
10
41861
1
124652
5
143030
6
49119
1
230083
9
81417
3
63050
2
288305
11
312715
12
324389
14
265700
12
254729
11
199653
9
15385
0
264649
12
47252
1
3094
0
309061
14
320929
14
136545
6
146960
7
271918
12
281089
13
219585
10
182054
8
223017
10
262228
14
275758
14
131755
5
113074
4
42821
1
97902
5
243165
13
69430
3
284428
13
234027
10
327225
14
144423
6
97761
7
44974
2
137919
8
97536
3
306351
21
45698
1
261851
12
289425
18
182256
9
215401
14
313623
18
148899
7
300398
16
148731
8
219032
11
242243
11
300170
12
255211
10
279824
12
219153
8
89697
3
96608
4
45548
1
110362
4
206103
8
276495
11
258836
10
17957
0
114436
4
87327
3
297176
12
13694
0
34549
1
53831
2
10565
0
205962
8
164849
7
37359
1
178008
7
66375
2
101741
4
148436
6
310533
12
300074
12
333995
13
83965
3
3988
0
187125
7
205729
8
114946
4
304800
12
53594
2
244030
10
108586
4
162365
6
44747
1
25349
1
166958
6
54073
2
229401
9
305017
11
231926
9
210748
8
262179
10
259141
10
72719
2
55288
2
3109
0
79053
3
71209
3
326729
13
19785
0
239581
16
45659
1
91644
4
152722
6
254708
10
161511
6
200238
8
81852
3
21183
0
12913
0
252360
10
89602
3
195641
8
227967
9
210406
8
133512
5
170159
6
59449
2
141030
5
21848
0
49013
1
35502
1
270382
10
14540
0
82465
3
51790
2
186199
7
56116
2
237199
9
14927
0
151690
5
292018
11
228972
9
144379
5
201648
8
78075
3
94893
3
97864
3
217714
8
43901
1
136816
5
304593
12
104529
4
40933
1
165732
6
123155
5
111451
4
252361
10
5079
0
305513
12
154610
6
125361
5
297745
12
288188
11
294248
12
296038
12
292539
11
169936
7
156334
6
276067
11
157884
6
117076
4
303046
12
119822
4
104966
4
291792
11
204394
8
211298
8
104458
4
47286
1
113630
4
62959
2
138985
5
67001
2
253203
10
83538
3
121843
4
246135
10
59127
2
266841
10
54512
2
132193
5
259870
10
75740
3
125410
5
67113
2
230659
9
102616
4
162672
6
196054
7
271979
11
13988
0
289566
11
164407
6
237508
9
121382
4
261342
10
207618
8
139970
5
36533
1
163123
6
323074
13
31486
1
59498
2
15454
0
285342
11
31471
1
146291
5
21745
0
137979
5
292674
12
258530
10
22539
0
238689
9
227019
9
133047
5
41435
1
234849
9
28467
1
76509
3
161442
6
235320
9
48951
1
93158
4
169645
6
316315
12
183015
7
218051
8
262960
10
96100
4
117362
4
2652
0
240628
9
261731
10
11509
0
169587
7
211509
8
175787
7
264202
10
134541
5
306967
12
252413
10
45908
1
44751
1
61237
2
73898
3
271540
11
309520
12
309983
12
218231
9
215096
8
117233
4
179586
7
230349
9
80391
3
286025
11
302297
12
166271
6
30550
1
304638
12
122110
4
88246
3
103105
4
191646
7
248650
9
239568
9
229278
9
179927
7
205791
8
87202
3
39305
1
253684
10
175137
7
246999
10
235845
9
6239
0
106253
4
328654
13
244147
9
277206
11
301867
12
137344
5
202822
8
43363
1
44882
1
320684
13
1319
0
51886
2
313119
13
330186
14
113765
4
65973
2
125926
5
120782
4
146280
6
237597
10
294387
12
91898
3
120750
4
39370
1
327652
13
264108
10
222744
9
71730
2
72006
3
237329
9
18575
0
44351
1
127150
5
131304
5
303612
12
187292
7
235582
9
24309
1
329401
13
80083
3
201842
7
237840
9
162608
6
172001
7
236847
9
208284
8
135340
5
71280
2
128675
5
230549
9
13634
0
21840
0
102161
4
75366
3
53056
2
251978
10
135644
5
190256
7
173759
7
72510
3
47360
1
162385
6
259985
10
322635
13
257493
10
219035
9
268999
11
190613
7
283971
11
252510
10
209873
8
161475
6
246225
10
144906
6
147745
6
94166
3
235229
10
248797
9
318004
12
295941
11
302914
12
74507
3
265344
11
303707
12
204234
8
252167
10
205628
8
7822
0
207422
8
244844
10
287636
12
279958
11
4179
0
188639
7
289270
11
214955
8
284895
12
143674
5
284258
11
184459
7
199818
8
170595
6
114800
4
40850
1
138827
5
238503
9
315235
13
84051
3
222791
9
49865
2
217066
9
133975
5
101013
4
3667
0
111003
4
247005
10
145491
6
3487
0
107615
4
19673
0
140414
5
185677
7
156295
6
231890
9
306768
12
56658
2
108580
4
55000
2
42093
1
275887
11
299695
12
173751
7
73135
2
307757
12
16341
0
260728
10
205734
8
34660
1
254400
10
283349
12
329969
13
197834
7
49731
1
57238
2
250399
10
120564
4
94443
4
193582
8
197840
8
320366
14
292705
13
185417
8
314358
13
6955
0
239009
9
237974
10
155884
6
291591
12
284508
11
195200
8
281085
11
290871
12
141889
5
90407
3
235807
10
4695
0
181482
7
171352
7
34673
1
234187
9
32758
1
48821
2
272013
11
287886
12
229681
9
92938
4
232396
9
311522
12
286405
12
218322
9
175905
7
74492
3
131861
5
46756
1
308537
12
19527
0
41889
1
220200
9
62341
2
216951
9
52759
2
182172
7
12069
0
209492
8
261180
10
218829
9
192241
7
36124
1
221996
9
324834
13
184289
7
319949
13
316074
13
114746
8
43591
1
126944
8
177716
7
313344
19
39829
1
103035
5
281268
11
152690
6
310576
12
39957
1
135092
5
18840
0
6949
0
331231
13
21488
0
244899
9
151585
6
277770
11
19312
0
121370
4
281004
11
32771
1
121214
4
200759
8
270031
10
313520
12
303976
12
112716
4
161273
6
288813
11
272595
10
10775
0
166120
6
262245
10
223520
8
177849
13
174562
7
56101
2
62647
2
307412
12
71221
2
295626
11
123683
5
90221
3
32361
1
215502
8
211630
8
189526
7
73412
3
319229
12
189327
7
304936
12
163634
6
333630
13
255681
10
326337
13
310798
12
147129
5
245610
10
227097
9
17418
0
249225
10
272198
10
121035
4
202484
8
195058
7
298290
12
314677
12
88068
3
208627
8
332462
13
242890
9
256153
10
217687
8
208216
8
211614
8
186194
7
180864
7
55574
2
228553
9
10839
0
81464
3
263537
10
3679
0
27564
1
240829
9
78884
3
90893
3
318383
12
272092
10
299783
11
229822
9
26224
1
240938
9
309568
12
223889
8
272259
10
1104
0
211539
8
170687
6
126765
5
228308
8
12065
0
96373
4
203197
8
59127
2
33210
1
135376
5
300297
11
77268
3
203810
8
233618
9
171176
6
266364
10
322532
13
254442
10
113572
4
95205
3
21413
0
90088
3
85919
3
76982
3
76211
3
60717
2
22844
0
43908
1
238494
9
265300
11
204123
7
25571
1
312217
12
298201
11
140993
5
199703
7
307897
12
319351
26
193182
7
171879
14
195379
19
194043
8
197916
10
235742
12
51097
2
138711
6
105410
4
249775
10
242345
11
90490
4
76356
3
299917
13
257247
11
119078
4
195481
8
173222
7
82836
3
152059
6
192184
7
211848
8
216835
8
320402
13
145622
5
316500
13
72479
2
311673
12
23781
1
262548
10
46114
2
292861
12
93611
3
302801
12
189410
7
133555
5
37086
1
169753
7
268260
11
276425
11
55160
2
106194
4
284220
12
145775
5
120462
4
158695
6
242310
9
54157
2
319595
13
6186
0
243132
9
173576
7
192056
7
144542
5
190917
7
98110
4
195542
7
102675
4
164870
6
222549
8
87808
3
79708
3
9843
0
51707
2
62941
2
324699
13
158094
6
162648
6
104518
4
114339
4
158
0
24265
1
244278
9
177288
7
251631
10
1018
0
8830
0
193509
7
197104
8
276127
11
83494
3
313784
12
66727
2
187962
7
243466
9
119257
5
289115
12
326326
13
24544
1
101712
4
54964
2
199294
8
286419
12
172355
7
92380
3
5381
0
289503
11
188548
7
94614
3
263814
10
20452
0
30907
1
141528
5
123829
5
30328
1
82770
3
166466
6
59455
2
146414
6
186973
7
306931
12
103880
4
318484
12
293078
11
155128
6
4169
0
256137
10
157931
6
225734
8
46510
1
324826
13
106534
4
53803
2
316951
13
273912
11
241892
9
29684
1
132236
5
171185
6
102503
4
295409
12
190185
7
213677
8
245561
10
307471
12
17525
0
176832
7
64205
2
131969
5
185128
7
134481
5
62260
2
38271
1
122455
5
299910
12
153296
6
270030
10
239059
9
177129
6
144618
5
142308
5
96737
3
131751
5
130383
5
120172
4
179024
7
38110
1
28146
1
78838
3
241563
9
193303
8
186705
7
182012
7
37843
1
255834
10
2802
0
28326
1
252412
10
158513
6
30881
1
141209
5
752
0
187885
7
213852
9
135194
5
103865
4
50296
2
149924
6
171232
7
258006
10
160479
6
129245
5
321492
13
191351
7
71392
3
118367
4
24503
1
275861
11
193014
7
178315
7
72776
2
191360
7
317037
13
193877
7
53932
2
297381
12
150379
6
327476
13
78176
3
194378
7
230807
9
163061
6
316184
12
33089
1
106372
4
106845
4
129074
5
292477
11
16906
0
276052
11
138204
5
7408
0
272016
10
193727
7
255787
10
127144
5
286821
11
93407
3
249678
10
258023
10
284424
11
138392
5
291333
11
235217
9
301472
12
129191
5
43211
1
111828
4
189927
7
57233
2
184843
8
140854
5
115317
4
35326
1
256742
10
169826
6
168657
6
12120
0
94279
3
261492
10
61094
2
77701
3
235631
9
330332
14
33914
1
74586
2
36849
1
133132
5
179143
7
332767
13
98917
3
287581
11
275994
10
267012
10
53407
2
165161
6
130133
5
3386
0
56706
2
68656
2
302523
11
175420
6
317851
12
104689
4
333898
13
177546
7
290469
11
5007
0
236316
9
135278
5
39561
1
139911
5
288668
11
115460
4
163787
6
271847
10
111133
4
268807
10
136688
5
239039
9
261241
10
309818
12
142397
5
11851
0
84283
3
120342
5
170572
6
133240
5
73624
2
27039
1
315846
12
257815
10
114551
4
189745
7
31147
1
220325
8
168115
7
58507
2
334821
13
89927
3
51064
2
181327
7
292745
12
34070
1
35383
1
66019
2
183791
7
79043
3
168749
6
119854
4
5606
0
217105
8
73423
3
236055
9
275660
11
169375
6
41857
1
152892
6
121882
4
27778
1
133699
5
260553
10
84989
3
62395
2
195772
8
21431
0
308892
12
165972
6
309549
12
275695
11
30210
1
67699
2
253538
10
322824
12
332820
13
322049
13
68100
2
252550
10
70051
2
330602
13
320326
13
220203
9
25904
1
60941
2
281399
11
235814
9
214674
8
189144
7
203826
8
283471
11
149641
5
80501
3
332328
13
264396
11
2951
0
34888
1
159803
6
222392
9
160407
6
283354
11
227248
8
284252
11
134240
5
131143
5
236689
9
296392
11
171574
7
47130
1
24684
0
24875
0
46482
1
136348
6
309579
20
11103
0
312598
12
273789
12
200807
8
267881
14
221120
10
84187
3
180462
13
180576
8
184276
8
270833
15
156929
6
52288
2
243248
10
189279
9
112464
4
272096
11
84863
3
236781
10
228440
9
279978
11
1637
0
240993
10
264414
11
21364
0
174193
8
184999
10
165837
15
130262
6
128025
5
25872
1
152138
6
182809
7
57781
2
249263
10
31113
1
220184
8
332531
13
116982
4
68545
2
114152
4
286277
11
98
0
26898
1
285115
16
226572
9
67274
2
87848
3
29660
1
191796
7
235943
9
74945
2
257010
10
160154
6
303050
13
185117
8
215142
11
317375
15
260488
12
103041
4
19263
0
177251
7
316304
16
269002
11
41864
1
238647
10
328671
13
205273
8
186499
7
279803
11
307652
12
246282
17
32353
3
272666
18
90751
8
322336
19
52285
2
186253
9
148818
6
50318
2
64765
2
151688
9
92383
4
243798
15
139970
6
95245
5
302164
18
296765
15
73725
3
205092
11
293677
16
322769
15
5765
0
317574
13
49990
2
14544
0
108676
4
190131
8
180219
7
67484
3
243948
10
78627
2
310611
13
300398
12
71576
2
25220
1
161598
6
284558
11
22778
0
95522
3
36445
1
262113
10
161560
6
112359
4
19960
0
219078
8
169745
6
197272
7
203980
8
208763
8
67568
2
231826
10
59765
2
333854
13
142599
5
74680
3
262539
10
100027
3
302312
11
263094
10
296922
12
128328
5
154662
6
215271
8
26147
1
116398
4
146854
5
229615
16
110336
5
20900
0
279817
11
99897
4
252189
15
243814
22
88266
3
136583
5
24472
13
234954
10
232938
9
52372
2
161696
6
311186
12
295213
12
230880
9
158350
6
260044
11
63166
2
179969
7
37399
1
50560
2
248129
12
164487
7
271347
13
36596
1
40492
1
182289
7
158952
7
209412
9
146992
6
63212
3
120727
5
201153
8
59009
2
164145
6
138577
6
112263
5
218161
8
292745
12
165980
7
82430
3
213189
9
286763
12
188316
7
168797
7
57514
2
278524
11
284267
11
300036
13
325465
14
127313
5
20578
0
102550
4
134755
5
62948
2
247183
10
172315
7
10513
0
163487
6
155991
6
323976
13
64814
2
134031
5
159303
8
25982
1
59866
2
49614
2
252592
10
189538
7
42054
1
30260
1
15750
0
80055
3
42392
1
118216
5
152726
6
2301
0
315014
13
135051
5
96571
3
277844
11
73706
3
198220
10
65968
2
330542
17
205061
11
48987
2
177396
10
315689
16
286354
15
229776
16
97587
4
165581
10
18287
0
172577
8
333356
20
48281
1
316139
16
250505
13
331318
13
66002
2
321676
14
260214
10
108614
4
269235
11
305188
13
78304
3
177248
8
290696
12
98573
4
98195
4
8839
0
244521
11
253659
12
228184
9
65186
2
97531
4
285883
12
153895
6
11156
0
247108
10
109397
4
333805
14
306701
15
134190
5
53830
3
334076
18
156195
12
283533
17
190580
18
258695
12
58632
2
194082
10
77607
3
15288
0
104508
5
158119
11
129866
13
17537
0
286612
17
282238
16
299898
12
75096
4
147418
6
76786
3
44360
2
97333
4
179267
8
51652
2
108100
4
77056
3
23740
0
324996
16
245757
11
98592
4
78598
3
172752
7
319204
12
54160
2
323904
13
112435
4
117114
4
282289
12
210097
8
117362
4
260864
11
60813
2
319142
13
232497
9
104912
4
76478
3
151035
6
157461
6
139819
5
222447
9
14829
0
106202
4
54861
2
207519
8
203990
8
12526
0
220252
9
327863
14
245720
9
69914
2
323170
13
92269
3
236270
9
168405
6
4004
0
45633
1
212857
8
201828
8
102626
4
193495
7
308160
12
206759
8
86198
3
123492
4
180974
7
288140
11
125230
5
242778
9
321799
13
52501
2
163695
6
104107
4
101911
4
17656
0
192741
7
329409
13
148185
5
283168
11
280714
11
79747
3
172698
6
98160
3
244226
9
86526
3
140773
5
202665
8
99874
4
158111
6
220519
8
130780
5
162899
6
179308
7
241424
9
232902
9
108997
4
43219
1
19548
0
301538
12
174710
7
154092
6
269351
11
274962
11
320540
12
305452
12
42290
1
19670
0
238599
9
262983
10
73902
3
277613
11
244490
9
292096
11
287734
11
176434
6
178336
6
216077
8
99313
3
177630
6
171653
6
48410
1
53534
2
73758
2
295068
11
195534
7
105042
4
229309
9
318074
12
287597
11
316917
12
132119
5
29114
1
324048
12
92895
3
91024
3
37662
1
325392
13
254494
10
84399
3
157623
6
319095
12
191867
7
78744
3
159527
6
38392
1
134373
5
27756
1
91324
3
127486
5
298840
12
76992
3
167572
6
287710
11
231045
9
113264
4
145570
6
160359
6
272160
12
59538
2
106357
5
189387
8
87734
4
307411
12
191390
8
319503
16
325823
17
238079
13
273137
12
19150
0
134344
6
228117
13
140730
6
71430
2
209660
12
15200
0
84940
6
58787
2
172097
8
301277
16
214323
12
322104
13
244762
11
180424
9
151480
7
183289
8
8393
0
312033
15
51658
2
186814
9
202744
9
150223
7
103377
5
261565
12
178135
8
11696
0
101207
5
79689
3
92115
3
133045
6
177452
8
148465
6
315315
14
18142
0
300699
12
138386
5
102999
4
59212
2
263470
10
67766
2
154675
6
139407
5
146788
6
162750
6
290983
12
90160
3
85272
3
18695
1
199166
8
18509
0
272017
11
259854
10
13696
0
262435
10
265226
10
77017
3
208016
8
285474
12
3903
0
1054
0
245561
10
319077
12
143581
6
156783
6
58205
2
27096
1
244618
10
291966
12
79846
3
265211
11
88671
3
182098
7
236190
9
325847
13
30177
1
85644
3
152975
6
49265
2
132334
5
284127
11
170214
6
48596
2
213984
8
288935
11
10718
0
329214
13
4001
0
127453
5
65071
2
162213
6
298013
12
63924
2
135933
5
112706
4
215929
8
132311
5
235689
9
33477
1
14597
0
103135
4
280433
11
238921
9
59984
2
160583
6
283111
11
128803
5
131145
5
164248
6
25690
1
98314
4
140480
5
287474
11
218631
9
137841
5
290463
11
329793
13
219847
8
190175
7
89828
3
140409
5
153715
6
9379
0
175938
6
121473
4
27816
1
222743
9
70800
2
53451
2
187601
7
296498
12
320974
13
267413
11
258115
10
16574
0
256740
10
113864
4
311069
12
310898
14
154469
6
16615
0
97624
4
106282
5
264277
11
44207
3
85927
3
272894
14
324256
16
122696
5
163732
7
289502
13
276921
12
303813
15
2912
0
124875
5
32463
1
46088
1
166067
8
12670
0
236364
22
48291
2
156788
7
175297
8
190788
8
124526
5
132551
6
146317
7
56248
2
188552
8
290849
13
78552
3
312129
32
229731
10
128526
7
168555
7
322824
14
43704
1
170622
10
246520
11
128195
5
270007
12
180891
7
296908
13
51678
2
127159
5
327714
14
208517
10
333178
15
104660
4
120825
5
123157
5
94710
3
149780
7
200074
8
185398
9
274119
11
317034
14
224718
10
169255
7
323939
14
200550
9
40269
1
246479
11
314128
13
86660
4
263
0
316281
14
281976
12
169334
8
72250
3
184283
10
150456
6
176375
8
245017
11
197951
15
18502
0
267032
12
208837
10
182701
8
140589
7
61770
2
190661
10
289941
12
209946
9
182570
7
218834
9
30559
1
122039
5
51595
2
102618
4
266588
11
106208
4
242091
9
87226
3
282540
12
224146
10
244080
11
142618
12
308648
26
297353
16
73110
3
30176
1
89096
5
160387
8
283909
14
52277
2
283406
15
205830
10
151479
6
253689
12
45064
1
152874
6
262480
11
27718
1
82763
3
30394
1
216013
11
1640
0
196674
11
161019
8
290921
14
274085
14
82991
4
194565
19
111257
7
309516
34
12885
1
53750
3
208645
15
179401
15
144437
7
118687
12
316883
30
256448
15
140685
8
146686
8
95086
6
123959
4
69401
2
208779
8
160006
6
63034
2
155953
6
323321
12
229193
9
94410
3
233216
9
206456
8
122443
5
257370
10
53100
2
283778
11
289958
11
206178
8
316565
13
292412
11
291167
12
130395
5
335080
13
280794
11
219632
8
254652
10
208858
8
201583
8
214370
8
207678
8
48476
1
158864
6
63984
2
249683
10
197942
8
264753
10
153946
8
260212
11
67485
3
268724
11
41242
1
52130
2
115965
4
167104
8
12090
0
304248
13
211458
10
185278
7
79686
3
13816
0
329638
13
126894
5
205266
8
181141
7
42409
1
7069
0
54514
2
84764
3
11202
0
243340
9
62374
2
161276
6
314187
12
7955
0
122402
4
3764
0
281367
11
189538
7
244683
10
252297
10
257187
10
40010
1
288591
11
335048
13
98506
3
10360
0
196338
7
173847
7
59019
2
201409
8
38580
1
148592
6
285556
11
144677
5
183624
7
222765
9
122292
5
166613
6
177037
7
330121
13
164425
6
213393
8
103472
4
39663
1
97743
3
309089
12
5923
0
142143
5
289009
11
232613
9
170892
7
305618
12
170120
6
212380
8
424
0
46702
1
65375
2
142375
5
80261
3
329416
13
332168
13
305721
12
284605
11
204448
8
73588
3
182869
7
245179
10
86741
3
252731
10
327204
13
290246
12
110893
4
68486
2
199216
8
172086
7
78492
3
125712
5
10294
0
252507
10
273397
10
3678
0
331504
13
273330
10
150824
6
92532
3
97392
4
102532
4
204050
8
262542
11
91509
3
11517
0
155734
6
72078
2
288002
11
173700
7
199609
8
138922
5
88349
3
145760
6
299830
12
236865
9
324987
13
132560
5
318570
12
253552
10
182296
7
279826
11
170168
6
227869
9
282796
11
260791
10
101910
4
251023
10
49195
1
160073
6
262794
10
190478
7
57612
2
57117
2
245955
9
208642
8
90458
3
329405
13
52416
2
174972
7
280408
11
128705
5
256395
10
205857
8
46791
1
88367
3
113988
4
194411
7
308021
12
302043
11
204956
10
171451
10
294444
14
240692
17
89325
8
38511
1
266482
11
137260
5
32375
1
194456
8
20632
1
286338
11
255013
10
179478
7
103779
4
2859
0
100581
3
141298
5
328277
13
65382
2
239477
9
189065
7
218633
9
90114
3
34769
1
210259
8
282648
11
16520
0
316363
12
60196
2
215989
8
237661
10
290056
11
270933
11
251520
10
18416
0
213324
8
279090
11
238536
9
113075
4
236570
9
83365
3
29444
1
303723
12
213313
9
29250
1
39484
1
167855
6
317302
14
177177
7
251133
10
331289
13
7953
0
212443
9
32251
1
28338
1
210931
8
325200
13
270312
11
282306
12
249867
10
192252
8
273809
11
218882
8
293398
12
40934
1
79233
3
178029
7
227754
9
334947
13
96980
4
38430
1
105567
4
314529
12
265596
10
279346
11
131842
5
295544
12
44715
1
326038
13
88620
3
320622
13
211878
8
312381
12
133536
5
235398
9
223552
9
67071
2
174634
7
246942
10
74389
3
327568
13
206604
8
255696
10
148370
6
67673
2
314789
12
211939
8
204945
8
103107
4
237926
9
56814
2
70792
2
11517
0
263532
10
196079
8
211223
8
69923
3
191193
8
284266
11
181936
7
291131
12
71585
2
106426
4
24955
1
281423
11
4701
0
314421
13
27410
1
66811
2
319851
13
238518
9
80551
3
89455
3
290868
11
299127
12
82974
3
141769
6
205791
8
261023
10
182238
7
68225
2
214516
8
255772
10
39876
1
3433
0
185219
7
224128
9
189135
7
62947
2
294366
12
98487
3
283206
11
126377
5
314976
13
16680
0
48007
1
291291
11
118057
4
99018
4
91568
3
236276
10
202922
8
211544
9
62457
2
46705
1
226078
9
18576
0
235086
9
125337
6
316932
13
159142
7
279026
12
289221
12
283727
11
234680
9
93541
3
102132
4
284872
11
25785
0
280176
11
30288
1
204679
8
293889
12
107714
4
165946
7
53508
2
194507
7
224832
9
120664
4
211589
8
185248
7
253733
10
122310
5
279594
11
41840
1
208113
8
90322
3
298877
12
212179
8
10803
0
168814
6
42424
1
43219
1
215512
9
68236
2
2001
0
142201
5
215510
9
214201
8
190821
7
97253
4
64152
2
226185
9
146234
6
160301
6
98054
3
89280
3
139282
5
165714
6
318996
13
9787
0
218099
8
183735
7
247023
10
288304
11
18254
0
325905
13
327666
13
14519
0
21612
0
49420
1
317277
13
78041
3
164376
6
85844
3
155593
6
104813
4
164761
7
140189
5
86705
3
41069
1
78361
3
150586
6
169460
7
273152
11
258625
10
14199
0
108714
4
48362
2
215361
9
307007
12
119794
4
253582
10
96665
4
284067
11
147991
6
148361
5
284005
11
146171
5
302007
12
3169
0
183130
7
9622
0
142796
6
249760
10
232799
9
142202
6
39801
1
4790
0
56498
3
73648
2
104334
4
136051
5
34513
2
170958
7
104382
4
193414
9
15420
0
272702
12
232844
9
276778
12
98707
4
159959
9
134243
5
223837
12
43137
1
266023
13
289424
14
58748
2
311510
14
133752
5
272442
12
241839
11
10125
0
212045
8
17373
0
108854
4
122263
5
300567
11
179778
7
72652
2
295306
12
81804
3
232470
9
313700
12
72220
3
307188
12
122976
5
255575
10
309419
12
226628
9
98794
3
202334
8
155759
6
34178
1
230098
9
304110
12
34767
1
297695
12
29653
1
95271
3
328707
12
309995
12
112518
4
166924
6
292647
11
221934
8
45220
1
239094
9
256906
10
234105
9
203930
8
286996
11
20053
0
145272
5
164845
6
90532
3
219159
8
21319
0
25235
1
59320
2
226980
8
80525
3
53445
2
133097
5
289108
11
47926
1
229094
8
146697
6
138792
5
107318
4
236290
9
260669
10
80097
3
23613
0
114351
4
199086
7
334760
13
112728
4
110079
4
126555
4
7023
0
172479
7
13008
0
182617
7
80327
3
238597
9
196074
8
107117
4
306874
12
304651
12
288708
11
131689
5
273473
10
80403
3
11477
0
11009
0
191861
7
173267
7
95457
3
252700
10
62750
2
96143
3
31051
1
63933
2
160406
6
311770
12
13887
0
140295
5
290448
11
47516
1
246684
9
248220
10
314536
12
175328
7
167386
7
30190
1
165652
6
271416
11
324129
12
304376
11
7156
0
88075
3
168925
6
108687
4
295760
11
235965
9
294692
12
18524
0
164184
6
41104
1
157621
6
196642
7
99760
3
254386
10
100252
3
314676
12
165685
7
214999
9
166232
7
106796
5
161054
7
108624
5
257040
11
155341
9
172954
7
93174
3
110786
5
81777
3
300800
12
41306
1
108179
4
147815
6
303287
16
202486
8
134170
11
324458
23
15389
1
238848
10
326838
17
53642
4
249046
29
211726
21
151026
8
243429
11
212497
9
68493
3
236954
18
130737
5
68214
4
144150
7
19255
0
311771
12
262315
10
256284
10
227704
9
104126
4
37805
1
259576
10
12468
0
250602
9
322700
12
173917
6
20535
0
244723
10
202720
8
97816
3
61483
2
20923
0
73218
2
45794
1
57867
2
205054
8
240292
9
6848
0
325535
13
224633
9
115061
4
18740
0
103769
4
50533
2
283494
11
311919
12
138644
5
245971
10
297299
12
25561
1
273652
10
299668
11
51156
2
200352
8
156742
6
75119
2
195238
7
269821
10
162458
6
203262
8
35142
1
23874
1
257334
10
169766
6
284566
11
320826
12
20549
0
204290
8
251442
10
197279
7
104594
4
155405
6
249624
10
194419
8
23664
0
59854
2
138250
5
281994
11
142867
6
246002
10
78225
3
253757
10
158266
6
218629
9
60007
2
334762
13
299112
11
245482
9
278129
11
131624
5
217708
8
114459
4
317516
12
216122
8
39758
1
202599
8
119517
4
269747
10
312895
12
327372
12
281084
11
96374
3
182990
7
218799
10
69791
2
132324
5
313407
12
238645
9
230468
9
252644
10
237583
9
241969
10
177277
7
248893
10
182084
7
270235
10
126395
5
116028
4
316718
13
234633
9
219308
9
303671
12
237267
10
247404
10
27679
1
332611
13
102287
4
144609
6
68164
2
71003
2
113566
4
8881
0
55292
2
236724
10
138997
5
61415
2
174609
8
329721
14
27107
1
8840
0
11437
0
53254
2
324844
12
46191
1
105752
4
235380
9
245437
10
229351
9
259177
10
106394
4
158104
6
301067
12
142234
5
138032
5
147050
5
62137
2
15963
0
291263
11
58153
2
148527
6
117934
4
299876
12
121483
4
318287
12
18002
0
168432
6
158373
6
251519
9
286110
11
202121
8
295005
12
69733
2
261616
10
64186
2
177227
7
74350
2
208184
8
117351
4
212761
8
172614
6
84761
3
185617
7
77580
3
129555
5
88004
3
40260
1
97206
3
110173
4
38658
1
11593
0
271540
10
235624
9
182406
7
79222
3
110886
4
221785
8
179901
6
88939
3
121366
4
200490
7
305976
12
98568
3
176361
7
138647
5
328289
12
333297
13
138540
5
29046
1
103636
4
53898
2
23747
0
274490
10
235575
9
223683
9
187544
7
10599
0
326697
13
213981
8
283281
11
314695
12
260338
10
70282
2
165908
6
264630
10
152502
6
98880
3
267198
10
124730
5
45268
1
58879
2
14950
0
301082
12
48969
1
6323
0
31408
1
134765
5
124950
4
46307
1
98494
4
63775
2
67571
2
150383
6
273612
11
238482
9
274997
11
249387
10
144456
5
10495
0
4019
0
106498
4
293629
12
166468
6
33046
1
106719
4
261372
10
154044
6
6
0
305068
12
313775
12
298096
12
239923
9
114528
4
194439
7
225072
8
262969
10
292830
11
225254
9
238499
9
250010
10
315456
12
232580
9
231448
9
312352
12
145646
5
290107
11
90543
3
104315
4
31390
1
265244
11
162373
6
192435
7
307782
12
72776
2
275639
10
273611
11
6747
0
139293
5
236297
9
85264
3
250429
10
1496
0
77423
3
228068
9
179388
7
106484
4
111201
4
263966
10
276544
11
106980
4
324681
13
117605
4
317860
13
326995
13
136900
5
40226
1
306433
12
142395
6
233624
9
213630
8
32138
1
171755
7
161893
6
213863
9
72093
2
107227
4
285622
11
296931
12
4272
0
158857
6
230969
9
54398
2
212976
8
50966
2
27327
1
262643
10
178440
7
81277
3
111200
4
35896
1
331040
13
221255
8
200977
8
298752
11
158673
6
304557
12
333070
13
258294
10
266306
10
54348
2
214847
8
176096
6
111687
4
98592
4
51539
2
309834
12
172775
6
115310
4
320663
12
228195
9
194393
7
93491
3
276204
11
231936
9
257476
10
5996
0
82559
3
215043
8
213304
8
278267
11
162297
6
158442
6
136184
5
48529
1
62090
2
50213
1
323497
12
206263
8
18083
0
112703
4
94656
3
146090
5
278401
22
42026
1
3506
0
285690
11
315929
12
37904
1
80934
3
67874
2
257215
10
304308
11
254107
10
75928
2
72580
2
287485
11
203282
8
315995
12
254803
10
314973
13
250287
9
291862
11
197558
7
56605
2
16312
0
70722
2
38697
1
58370
2
249808
10
304728
12
63641
2
135373
5
91994
3
138402
5
221563
9
90737
3
81046
3
74049
3
179019
7
226797
9
58445
2
254273
10
121934
5
27554
1
134079
5
204535
8
115654
4
144143
5
139054
5
306281
12
49504
2
240419
9
10390
0
143754
5
238300
9
243366
10
73462
2
246896
9
43454
1
304915
12
218018
8
165668
6
122391
4
310894
12
82513
3
194292
8
335041
13
224539
8
183761
7
202671
7
163586
6
169300
6
214626
8
225527
8
156460
6
123106
4
45584
1
175743
6
287757
11
10902
0
220339
9
137722
5
163460
7
195720
10
16973
0
234287
10
100500
4
154380
5
228579
8
62999
2
20748
0
69530
2
23290
0
87996
3
89099
3
122100
4
154104
6
120646
4
30984
1
190456
7
126139
4
184412
7
234053
9
215116
8
15666
0
290999
11
157346
6
317577
12
174727
7
254546
10
154009
6
330307
13
158554
6
69950
2
285260
11
221096
8
113636
4
212029
8
329884
13
305465
12
105319
4
25608
1
62076
2
208148
8
17634
0
260496
10
146206
5
76062
2
37947
1
51026
2
29635
1
120538
4
165659
6
265473
10
198848
8
110378
4
206456
8
312830
12
218954
8
80060
3
140383
5
285299
11
238790
9
265355
10
144630
5
229218
9
204942
8
53846
2
62121
2
199335
7
308920
12
92360
3
46901
1
217090
8
203682
8
229078
9
292821
11
270568
10
105791
4
115213
4
157456
6
286397
11
134352
5
97570
3
232616
9
54826
2
295154
11
304769
12
194296
7
48372
2
12612
0
13188
0
330411
13
325753
13
58832
2
47404
1
105331
4
316529
12
81801
3
237640
9
222104
9
101722
4
223835
9
70213
2
139123
5
56307
2
103258
4
140886
5
146926
5
303508
12
255197
10
275462
11
150010
6
173743
6
102030
4
21391
0
253531
10
18890
0
278031
11
81119
3
219878
8
20559
0
180978
7
167394
6
218649
8
201673
7
215956
8
17113
0
93627
3
326831
12
20908
0
241401
9
174913
6
223180
8
54446
2
142124
5
128980
5
59933
2
2947
0
77052
3
101341
4
146084
5
51574
2
231863
9
127381
4
149500
5
282310
11
211755
8
331519
12
315282
12
72288
2
55866
2
192435
7
21717
0
17239
0
22942
0
224069
9
143557
5
58218
2
128247
5
20143
0
154320
6
66751
2
190948
7
332050
13
156359
6
112954
4
245453
9
166108
6
201595
8
152344
6
30997
1
9706
0
211815
8
322523
13
270765
10
334281
13
254760
10
287278
11
51720
2
56521
2
297882
11
193634
7
122158
4
54150
2
51941
2
320585
12
62584
2
259595
10
233006
9
26375
1
10224
0
267357
10
245864
9
26227
1
48664
1
96704
3
142667
5
326631
12
180087
7
319457
12
263279
10
227158
8
181535
7
126820
5
168878
15
202918
14
133258
5
163134
8
185628
7
17031
0
64778
2
235118
10
259691
10
151934
6
202405
8
266577
10
231533
9
68067
2
6278
0
332313
13
143844
5
194620
8
226249
9
108473
4
254245
10
63975
2
109995
4
82891
3
98666
3
53804
2
3736
0
316326
12
247597
10
95599
3
150709
5
201889
8
266117
10
241902
9
67058
2
186983
7
256769
10
92681
3
122035
4
293499
11
91760
3
62961
2
205664
8
197095
8
201999
8
109735
4
299374
11
230148
9
126373
5
133698
5
77210
3
121049
4
157921
6
246372
9
253851
10
216656
8
293732
11
211628
8
186621
7
319971
12
116143
4
21329
0
254515
10
194048
7
223782
9
229877
9
74377
3
132339
5
229934
9
51151
2
43152
1
244766
10
55750
2
176337
7
89696
3
65413
2
252243
10
210178
8
213714
8
249380
10
109101
4
302448
12
220515
9
269632
11
294739
12
178679
7
52360
2
281469
11
169351
6
111110
4
287871
11
50381
1
199042
8
321623
12
97397
3
324291
13
153650
6
49580
2
135755
5
202695
8
111659
4
249627
10
164579
6
102943
4
155519
6
251003
10
129216
5
186411
7
57059
2
325253
13
283587
11
75480
3
157219
6
331640
13
96684
3
112320
4
321766
12
235787
9
287395
11
302018
12
127585
5
107853
4
288512
11
141159
5
152026
6
131383
5
283512
11
202359
8
240082
9
237378
9
97440
3
63580
2
146771
5
39333
1
271798
10
57313
2
164767
6
215930
8
21892
0
178691
7
231613
9
287879
11
271115
10
119018
4
118674
4
205101
8
273695
11
118509
4
304163
12
59309
2
322839
13
329050
13
190248
7
87942
3
223896
9
318832
12
49804
2
248163
10
119651
4
78432
3
128740
5
118958
4
73615
3
261380
10
304407
12
83854
3
260322
10
162389
6
216243
8
87931
3
177970
7
293581
11
231895
9
281988
11
111061
4
239011
9
39503
1
19145
0
167326
6
165286
6
170784
7
194106
7
139147
5
301064
11
307395
12
226793
9
314563
12
279321
11
4523
0
325937
13
120798
4
231639
9
252835
10
215072
8
328046
13
133036
5
73513
2
100571
3
311864
12
84065
3
152212
6
195363
7
180348
7
174155
6
207316
8
194942
7
302520
12
91944
3
123597
4
4673
0
143090
6
96012
3
174391
6
316316
12
23738
1
185853
7
91574
3
2063
0
140225
5
263120
10
175879
6
279660
11
91641
3
60278
2
195285
8
68817
2
256348
10
25716
1
39959
1
267977
10
192855
7
255626
10
314046
12
172803
7
265509
12
144449
5
205779
8
198951
8
90506
3
217040
10
294081
11
128043
5
143106
7
43212
1
238052
10
66944
2
206055
8
246075
10
259960
11
218660
9
209398
9
63741
2
307855
13
69128
2
101672
23
20278
1
208525
8
238216
10
68005
2
314429
12
73214
2
295462
12
210143
8
293968
12
31082
2
92402
4
178113
8
239389
10
100007
4
80314
3
197890
8
130079
5
251640
10
147510
6
77767
3
289802
12
256771
10
216589
9
87395
5
13690
0
68559
2
173412
6
95432
3
115479
5
158499
6
89978
3
74219
3
282030
11
236187
9
29774
1
4181
0
12420
0
161734
6
42314
1
53307
2
58447
2
156904
6
235012
9
56296
2
103245
4
308077
13
280963
11
130286
5
94776
3
29285
1
227387
8
140868
5
331845
13
143294
6
69315
3
164362
6
206107
8
181826
7
320228
13
317130
12
288512
11
266347
11
79580
3
299620
12
269394
11
239006
9
12471
0
323634
13
43154
1
236568
9
79429
3
321863
12
170120
7
314229
13
104910
4
167035
6
274034
11
274223
11
86777
3
238211
9
59927
2
284711
11
172354
7
5212
0
136766
5
152246
5
192783
7
36353
1
176607
7
274770
10
119282
4
12020
0
50692
2
168857
6
156294
6
75056
2
328508
13
5221
0
150145
6
282569
11
201096
8
102062
4
137347
5
48089
2
130447
5
305277
12
156315
6
281796
11
158617
6
249390
10
247133
9
197084
8
1652
0
249418
9
35778
1
48106
2
207917
8
114745
4
136174
5
321324
12
288616
11
59287
2
124975
5
156578
6
118417
4
160628
6
225547
9
264062
10
289177
11
246227
10
214346
8
275829
11
292933
11
8108
0
76354
3
206709
8
126873
5
308354
12
80839
3
246039
10
180091
7
288447
11
158493
6
48655
1
202321
8
58567
2
113979
4
270746
10
96253
3
301125
12
3589
0
58679
2
230132
9
137785
5
204223
8
194632
7
128857
5
330447
13
175812
7
168805
6
242658
9
329463
13
246689
10
212065
8
75534
3
137512
5
305721
12
81368
3
124661
4
108225
4
73337
2
63536
2
243857
9
5862
0
283618
11
162273
6
74146
3
196659
7
200070
8
278490
10
57843
2
77176
3
17322
0
58808
2
267157
10
59852
2
294949
11
147075
6
190547
7
244992
9
260041
10
280324
11
69445
2
176437
7
174234
6
164530
6
306289
12
131844
5
170068
6
284720
11
326520
12
93446
3
9234
0
129144
5
127831
5
4077
0
89892
3
217910
8
75911
3
230277
9
9404
0
97808
3
77311
3
121359
5
193410
7
32332
1
82837
3
45923
2
13337
0
211182
8
242095
9
34702
1
87470
3
14629
0
57245
2
281425
11
243567
9
85298
3
199580
8
313577
12
185290
7
21516
0
161794
6
72275
2
31337
1
269612
11
65230
2
114106
4
305957
12
333585
13
201131
8
232439
9
283224
11
316609
12
335159
13
223054
8
150649
6
60033
2
225946
9
39237
1
232583
9
6338
0
149448
5
235062
9
283882
11
12351
0
134409
5
77296
3
298532
11
237225
9
120230
4
148246
5
3101
0
2104
0
233803
9
57214
2
46165
1
96326
3
152885
6
152025
6
8253
0
168171
6
210373
8
297609
13
219073
9
166743
6
210248
8
163457
6
325503
13
224310
9
76243
3
88096
3
56328
2
180507
7
268765
10
199385
7
209848
8
206763
8
158329
6
119186
4
1451
0
241852
9
252011
9
183007
7
135035
5
58391
2
313980
12
17650
0
329263
13
50632
2
82463
3
157898
6
58956
2
204258
8
187601
7
178817
7
294856
12
238753
9
14193
0
79519
3
34235
1
283632
11
294291
11
262852
10
242807
10
166276
6
7738
0
68371
2
278515
11
150249
6
240061
9
9618
0
335386
13
293380
12
189605
8
333758
13
303977
12
121519
4
41268
1
203667
8
299020
12
109585
4
133810
5
9779
0
189371
7
184805
7
26292
1
309439
12
201624
8
41090
1
138779
5
109067
4
168694
6
137009
5
224401
9
163361
6
17733
0
144782
5
135014
5
312167
13
12678
0
215026
8
307191
12
323130
13
199319
8
168932
6
140622
5
117087
4
55601
2
196910
8
187629
7
17587
0
77854
3
65559
2
157661
6
77325
3
62791
2
78968
3
248551
9
166900
6
23498
1
118346
4
121527
4
213734
8
274164
11
30680
1
89576
3
83778
3
133098
5
102947
4
96414
4
79463
3
57989
2
48582
2
217520
9
318280
13
184257
7
324800
13
23022
0
11558
0
275072
11
167869
7
190852
7
29270
1
327077
13
242320
9
125217
5
77535
3
297916
12
126161
5
8553
0
61538
2
266723
11
164115
6
229047
9
154960
6
142860
5
188083
7
202819
8
236916
9
244744
10
149141
6
144665
5
114792
4
322910
13
276730
11
113881
4
131747
5
172240
7
172807
6
171858
6
239482
9
129995
5
161658
6
288379
11
37440
1
318096
13
212886
8
144683
5
211185
8
291434
11
190928
7
269634
10
334963
13
210588
8
135870
5
145157
5
153789
6
247456
9
11571
0
312840
12
154250
6
131737
5
210129
8
199885
8
263152
10
247422
10
298370
11
268313
10
192530
7
124057
5
10161
0
36892
1
224765
8
266682
10
305751
12
246435
10
52101
2
167047
6
198007
8
185729
7
22430
0
211458
8
151578
6
113085
4
289200
11
260524
10
108230
4
300016
12
288135
11
199551
8
56191
2
88229
3
102232
3
308355
12
299294
12
246695
10
83215
3
141839
5
69874
2
329722
13
171428
6
123814
5
184757
7
258365
10
10527
0
307901
12
222301
9
15490
0
90429
3
43910
1
38000
1
136712
5
136196
5
253877
10
139897
5
97984
4
52471
2
305333
12
35991
1
275929
10
198732
7
63333
2
203889
8
260263
10
85128
3
151543
6
308803
12
108466
4
48035
1
274503
11
246131
9
33413
1
307363
12
6470
0
184037
7
7524
0
88432
3
108517
4
197982
8
30240
1
203617
8
279991
11
312582
12
97228
3
185627
7
61123
2
209006
8
190976
7
207038
8
334825
13
236455
9
279179
11
155078
6
178580
7
267130
10
325951
13
271157
11
247281
10
44147
1
165126
6
251625
10
278347
10
172603
6
67031
2
331448
13
134310
5
46081
1
116104
4
172729
6
329899
13
198450
8
197097
8
296130
12
33421
1
61375
2
308071
12
277975
11
311163
12
135044
5
248777
9
217221
8
132739
5
268241
11
168540
6
262985
11
233130
9
188933
7
57160
2
307205
12
266834
10
143545
6
299235
12
241780
10
263106
10
72720
3
145878
6
11774
0
197259
8
54121
2
8432
0
148175
6
229866
9
147644
6
164855
6
150657
6
121349
5
9344
0
190620
7
295348
11
114149
4
91385
3
282487
11
44610
1
163329
6
221709
9
169222
7
206986
8
145369
5
108190
4
71580
2
322237
13
65383
2
159445
6
44372
1
11983
0
114767
4
167192
6
191588
7
194546
7
43701
1
90097
3
101870
4
299342
12
253361
10
56732
2
160460
6
289511
11
263335
10
176876
6
312302
12
191540
7
302486
12
269083
10
188632
7
169565
7
170367
8
155947
6
203235
8
107849
4
155524
6
185952
7
75885
3
124300
5
269109
10
43458
1
177805
7
64925
2
234179
9
79001
3
177107
7
279902
11
252208
10
868
0
213029
8
263353
10
334914
13
254317
10
226639
9
148623
6
118053
4
245136
9
106689
4
101493
4
236597
9
106447
4
289893
11
325137
13
211649
8
150781
6
4779
0
232778
9
251671
10
95360
3
115884
4
322254
13
146880
6
165981
7
284095
11
180325
7
270577
11
39439
1
134531
5
27053
1
22220
0
105294
4
276218
11
272250
11
144986
6
106714
4
283893
11
140235
5
206055
8
55400
2
216017
9
41176
1
244985
10
101131
3
160687
6
164954
6
328634
13
104092
4
257561
10
77184
3
74633
2
229465
9
139632
5
211353
8
171651
7
120670
4
3452
0
234859
9
66860
2
74896
3
179781
7
37309
1
267967
11
194779
8
220915
9
210484
8
152115
6
49555
2
47096
1
87626
3
48356
1
157
0
54858
2
235139
9
100456
4
228869
9
327477
13
167989
7
81386
3
150784
6
77412
3
190249
7
87119
3
305453
12
118048
4
111397
4
317698
12
311096
12
307250
12
307416
12
83150
3
80228
3
32057
1
247174
10
207670
8
127408
5
140272
5
120993
5
242210
9
238768
9
58032
2
107702
4
36829
1
211822
8
143257
5
186201
7
124276
4
303756
12
261207
10
150407
5
64426
2
207533
8
156240
6
123863
4
85295
3
2972
0
190115
7
16514
0
8657
0
97286
3
296726
11
183784
7
272708
10
172598
6
52751
2
194542
7
230385
9
318508
12
139739
5
24900
1
236186
9
249552
9
158285
6
25099
1
147748
5
45833
1
22659
0
116309
4
278676
11
133189
5
7284
0
306063
12
122163
4
112723
4
294638
11
329407
13
256407
10
129266
5
156114
6
109533
4
68775
2
173955
6
198804
7
286333
11
130978
5
143431
5
186203
7
87813
3
330695
13
47991
1
237446
9
263296
10
317281
12
124859
5
117327
4
262292
10
323496
13
285148
11
192374
8
74539
2
71584
2
279688
11
294276
11
152340
6
331444
13
69804
2
285676
11
79460
3
70428
2
95072
3
151182
6
316063
12
272492
11
62150
2
185671
7
92046
3
312286
12
207809
8
217886
8
47360
1
127875
5
218072
8
317960
12
91091
3
23331
1
122966
4
256729
10
253881
9
316967
12
253837
10
165895
6
176360
7
24824
1
317130
12
319607
12
207067
8
216546
8
146012
6
156105
6
236691
9
273594
10
102180
4
157298
6
260461
10
73964
2
218208
8
242905
9
105323
4
212634
8
70668
2
270471
10
74484
2
212382
8
62082
2
36585
1
171596
7
322663
12
142751
5
197744
7
101568
4
312968
12
22889
1
9307
0
102128
4
169862
7
253858
10
77945
3
47312
1
6443
0
261508
10
291126
11
249021
10
35971
1
50896
2
291408
11
209293
8
48833
1
273412
10
125692
5
256529
10
224941
8
162950
6
109611
4
165031
6
88980
3
110984
4
1554
0
115644
4
76670
3
258971
10
3219
0
291700
11
294923
11
19527
0
183328
7
186590
7
20998
0
280999
11
270398
11
277624
11
111379
4
32363
1
173258
6
197789
8
289078
11
260339
10
64669
2
195332
8
168967
6
226629
9
18872
0
75417
2
133104
5
85343
3
289656
11
268278
10
217807
8
51452
2
1202
0
266731
10
290445
11
177554
7
331843
13
289387
11
300148
12
273480
11
42735
1
59375
2
158361
6
61521
2
73166
2
32927
1
316298
12
271572
11
275640
11
13190
0
317115
12
244955
10
175464
7
142979
5
29021
1
29666
1
49882
2
152633
6
240036
10
286078
11
147709
5
120703
4
232147
9
57273
2
83181
3
311585
12
199763
7
196966
8
174887
6
2074
0
157936
6
225131
8
171708
7
273155
11
207537
8
119102
4
86574
3
80523
3
98359
4
255178
10
78378
3
299034
11
25993
1
8066
0
110072
4
84062
3
190997
7
72718
3
25
0
65039
2
201871
8
186848
7
70306
2
206954
8
287649
11
285439
11
101206
3
291717
11
239584
9
305768
12
100357
4
214340
8
176809
7
303882
12
64248
2
219731
9
135777
5
26727
1
3563
0
298201
11
289100
11
168462
6
330821
12
242485
9
129627
5
148229
5
208592
8
300309
11
294418
11
56015
2
30075
1
261618
10
267146
10
320415
13
194235
7
50660
2
126431
5
191017
7
159520
6
27332
1
302135
12
262550
10
189547
7
187261
7
62992
2
75150
3
200849
8
224879
8
29961
1
267775
10
103897
4
78712
3
149010
5
244480
9
118451
4
301261
12
54832
2
18423
0
209460
8
145039
5
8551
0
46725
1
261844
10
167688
6
221468
8
113661
4
113252
4
159755
6
151056
6
283187
11
61108
2
280541
11
97780
3
18234
0
52762
2
31049
1
275111
10
107617
4
228766
9
23423
0
80842
3
293820
11
324316
12
307209
12
142383
5
87756
3
123729
4
217422
8
334420
13
286541
11
178747
7
329006
13
1592
0
241269
9
264608
10
213560
8
142686
5
28727
1
15359
0
46374
1
298184
11
251011
10
299131
12
276989
11
213403
8
120281
4
232219
9
186340
7
192877
7
331798
13
73014
2
181411
7
175781
6
117380
4
234141
9
92697
3
116054
4
137219
5
109055
4
245414
10
163788
6
187189
7
7640
0
155513
6
299285
12
330143
13
225934
9
306979
12
228696
9
265993
10
38556
1
310437
12
26670
1
190296
7
38005
1
70666
2
101932
4
8094
0
117412
4
274550
10
43071
1
292225
12
141126
5
197251
7
227125
8
154961
6
103679
4
3214
0
53500
2
223288
9
23634
0
163916
6
294464
11
296643
11
321822
13
175279
7
62615
2
115112
4
270293
10
117941
4
238823
9
42475
1
31390
1
328990
13
239187
9
162057
6
256933
10
103734
4
291718
11
53442
2
120124
4
23036
1
293799
11
191296
8
330819
13
46852
1
307399
12
15193
0
286593
11
280293
11
251500
9
90654
3
92327
3
287163
11
288028
11
225514
9
18999
0
268452
11
103955
4
119197
4
32940
1
150335
6
275738
11
162891
6
113196
4
208415
8
290009
11
281701
11
63761
2
91409
3
39703
1
49115
1
262096
10
259552
10
113718
4
287316
11
307067
12
10002
0
154005
6
45283
1
127109
5
158509
6
306300
12
192450
7
80073
3
305127
11
69450
2
124993
4
310734
12
241118
9
328919
13
204605
8
46940
1
30888
1
131327
5
223655
8
249164
9
282930
11
74244
2
176785
6
49098
1
127231
5
13446
0
270437
10
1860
0
139812
5
314568
12
243351
9
317893
12
220471
9
63208
2
128858
5
135013
5
239992
9
270636
10
122933
4
112550
4
240450
9
172463
6
24022
0
277234
11
272839
10
39696
1
312531
12
245631
9
217576
8
253177
9
233420
9
78300
3
35702
1
206969
8
315855
14
170277
6
194759
7
110993
4
26765
1
37105
1
169556
6
251661
10
70256
2
143287
5
303731
11
46949
1
100885
4
218003
8
66511
2
103399
4
279889
11
220297
8
4312
0
211772
8
125253
5
305464
12
82968
3
26812
1
2063
0
69694
2
137413
5
7094
0
172368
7
13057
0
321336
13
253974
10
271473
11
52734
2
42415
1
197820
8
132833
5
54634
2
263422
11
15090
0
58334
2
59046
2
265187
11
100586
3
322808
13
334572
13
35563
1
37530
1
322915
13
34679
1
258033
10
210964
8
47492
1
170164
6
97723
3
42633
1
17851
0
258073
10
6337
0
89013
3
275661
10
46093
1
175001
6
45452
1
104600
4
218254
8
251002
10
323832
12
22776
0
252990
10
305669
12
327171
13
93327
3
331534
13
12701
0
88149
3
294789
12
278815
11
200008
8
325533
13
243428
10
148301
6
267077
11
268229
11
228444
9
45943
1
31548
1
321620
13
101594
4
317703
13
244824
10
104430
4
184379
7
276653
11
193163
8
107051
4
103033
4
330838
13
250124
10
185455
7
197365
8
240636
9
132522
5
104812
4
304622
12
32854
1
250410
10
78489
3
25365
1
215317
8
266148
10
299843
12
103948
4
176248
7
105325
4
175665
7
333978
13
269619
11
118234
5
313740
13
158597
6
202093
8
28832
1
301564
12
162768
6
171012
7
174509
7
199496
7
265320
10
65331
2
195796
7
223983
8
58959
2
99775
4
312921
12
60142
2
251040
10
64815
2
115361
4
2699
0
29291
1
329554
13
140945
5
179871
7
245112
10
200071
8
101833
4
88141
3
243812
10
94026
3
23973
0
135976
5
126710
5
85931
3
232904
9
130441
5
177384
7
80368
3
4113
0
59659
2
109717
4
93670
3
205335
8
293965
12
166169
7
166968
6
216401
8
147600
5
2624
0
234730
9
23598
0
186258
7
165657
6
119716
4
229855
8
138114
5
228348
8
138163
5
104624
4
36846
1
279119
11
5755
0
186108
7
41341
1
220588
9
194827
7
242446
9
285640
11
332018
13
270781
10
86868
3
292036
11
197401
7
89872
3
41986
1
291715
11
242550
9
125554
4
241227
9
85930
3
35181
1
175118
6
288103
11
163990
6
119501
4
222177
8
158309
6
242312
9
32142
1
319723
13
68217
2
209971
8
170199
6
233343
9
94580
3
102488
4
12006
0
70222
2
49283
1
91852
3
47465
1
15206
0
68381
2
196104
7
290622
11
107238
4
122054
4
171227
6
170148
6
152023
5
71430
2
240342
9
224513
9
53946
2
171277
6
55367
2
93656
3
268805
11
16963
0
11009
0
148680
6
135046
5
267382
11
15072
0
21472
0
111371
4
331374
13
104984
4
328344
13
190657
7
221089
9
217806
8
310335
12
32111
1
246571
9
215215
8
205997
8
178036
7
137742
5
318006
12
146296
6
70449
2
335505
13
167733
6
135645
5
175518
7
327034
13
241866
10
239045
9
215523
8
41017
1
32865
1
250578
10
432
0
244467
10
82852
3
335312
13
2408
0
79692
3
68455
2
323140
13
106625
4
101437
4
70897
2
659
0
7638
0
186074
7
150886
5
289248
11
86916
3
162705
6
273617
10
177758
7
28514
1
144675
5
321130
13
90897
3
40825
1
316427
13
248327
9
123994
5
294522
11
326318
12
130041
5
249619
10
141517
5
280403
12
72150
2
217182
9
50347
2
20307
0
227993
9
190759
8
145343
6
251767
11
15435
0
171626
7
239307
10
39669
1
264372
11
161341
6
8078
0
247915
11
277994
11
33869
1
10895
0
57722
2
212125
8
108491
4
332053
13
30479
1
222489
8
220049
8
211193
8
168892
6
151697
6
184287
7
22266
0
98976
4
186333
7
194006
7
142503
5
181923
7
199047
7
152448
6
19269
0
262392
10
235330
9
25940
1
235447
9
225383
9
119204
4
145294
6
289676
11
13014
0
241874
10
72244
2
115926
4
184697
7
109086
4
139677
5
37811
1
43084
1
82925
3
261382
10
136396
5
84733
3
115805
4
127628
5
23687
0
319931
13
213610
8
322003
12
144706
5
30409
1
326445
13
11293
0
107171
4
176554
7
89877
3
222478
9
292974
11
277548
11
13070
0
138659
5
169140
6
323664
13
748
0
7661
0
231901
9
235321
9
51409
2
331389
13
203085
8
22296
0
321768
13
1490
0
244339
9
302488
12
157091
6
282399
12
233203
9
330153
13
44649
1
283310
11
295545
11
254257
10
113605
4
202625
8
261982
11
66444
2
70412
2
321748
13
198162
8
189915
7
114459
4
13578
0
42008
1
116356
4
331648
13
245764
10
287621
12
153648
6
234718
9
184271
7
155915
6
304030
12
142289
5
140266
5
305630
12
109878
4
207467
8
229516
9
132494
5
203290
8
235588
9
109646
4
235071
9
181813
7
32767
1
171360
7
37095
1
21402
0
163403
6
310349
12
87317
3
200365
7
154773
6
154767
6
43486
1
146500
6
284828
11
299870
12
124361
4
304774
12
243820
10
251821
10
127583
5
9493
0
251739
10
4650
0
48780
1
22919
1
285845
11
264283
10
264432
10
331262
13
68650
2
134288
5
34681
1
58825
2
70586
2
164854
6
46135
1
205556
8
159865
6
87305
3
2917
0
2956
0
316115
12
281061
11
266215
10
52527
2
253363
10
75825
3
328739
13
45085
1
213239
8
260480
10
264911
10
106165
4
28572
1
250791
10
223892
8
170073
7
145490
5
233034
9
67448
2
83961
3
215470
8
69273
2
41807
1
137910
5
184801
7
168278
7
323742
13
299903
12
1494
0
207191
8
184311
7
269238
10
275007
11
265825
10
51548
2
305554
12
175272
7
226593
9
74524
3
37552
1
175413
7
72331
2
23129
0
105061
4
36106
1
117866
4
74542
2
176418
7
229403
11
49702
2
9435
0
142729
6
209399
8
235485
9
275881
11
63960
2
302814
12
168723
6
220282
9
66961
2
156828
6
213214
8
233821
9
305707
12
38812
1
248719
9
44142
1
26933
1
197605
7
155547
6
139539
5
305685
12
162974
6
30791
1
115812
4
81920
3
169140
6
246857
9
307640
12
143984
6
156101
6
211562
8
184830
7
227541
9
118274
4
115564
4
269731
10
324326
12
321895
12
34137
1
36951
1
71705
2
55319
2
154196
6
218630
8
226268
9
50944
2
322369
12
237840
9
230084
9
96673
3
230959
9
290695
12
264474
11
189009
8
85433
3
331590
14
173205
7
242302
9
66422
2
81119
3
141644
5
207563
8
77205
3
3316
0
183650
7
36227
1
295943
11
239080
9
230195
9
200265
8
334249
13
83874
3
28086
1
100904
4
42076
1
292039
11
13329
0
73950
3
4004
0
13629
0
247261
10
150895
6
66988
2
188185
7
93539
3
154567
6
122950
5
199420
7
62439
2
216352
8
333262
13
275755
11
181654
7
84132
3
7231
0
273141
11
273625
11
21891
0
321240
12
165761
6
37201
1
34313
1
227729
9
34581
1
48301
2
75278
3
142215
5
77617
3
205034
8
128724
5
224444
9
182655
7
46805
1
2149
0
241033
9
111115
4
318138
12
10199
0
242401
9
42719
1
206983
8
232682
9
244590
9
200617
8
179975
7
175181
7
121135
4
82430
3
88535
3
6627
0
175965
7
86261
3
51893
2
98904
3
82490
3
89216
3
168244
6
225402
9
191599
7
261994
10
274517
11
137773
5
214512
8
110263
4
148617
5
100064
4
60768
2
174754
7
312254
12
229821
9
95994
3
182278
7
202907
8
198266
8
186530
7
237419
9
182518
7
57135
2
125062
5
196959
8
104807
4
23249
1
302897
12
53485
2
204606
8
27522
1
147116
5
239828
9
110479
4
143615
5
97061
3
175204
7
31756
1
222583
9
123969
5
283290
11
228720
9
309626
12
248942
10
199008
8
156205
6
158713
6
226837
8
27009
1
137594
5
275167
10
100501
4
204010
8
88704
3
34294
1
238220
9
157618
6
9507
0
247228
9
122612
4
213579
8
157994
6
1320
0
18859
0
196534
7
182387
7
325382
13
68735
2
186259
7
266002
10
160446
6
274105
11
156430
6
184436
7
124752
5
264342
10
236690
9
257272
10
56080
2
165083
6
239825
10
82219
3
72242
3
54399
2
209505
8
25484
0
17116
0
335298
13
91030
3
42926
1
91969
3
258291
10
325653
13
297721
12
304631
12
310156
12
217776
8
79679
3
176714
7
59242
2
220932
9
180557
7
95376
3
156264
6
281443
11
163473
6
175598
7
306571
12
215466
8
20796
0
99517
3
123601
4
196785
8
71138
2
122713
5
221575
9
31164
1
189707
7
206363
8
12772
0
102698
4
29608
1
134113
5
20022
0
120660
4
40870
1
236950
9
324227
13
292066
12
42836
1
137112
5
39851
1
43125
1
139061
5
7496
0
331428
13
332265
13
61580
2
178513
7
223862
9
302099
12
157853
6
269759
11
127630
5
118635
4
85258
3
252988
10
148176
6
258299
10
187688
7
108087
4
234836
9
285563
11
133018
5
322041
13
98556
4
330550
13
112335
4
2922
0
271525
11
121703
4
93190
3
