61166
4
77397
6
81940
6
75697
5
117786
8
30790
2
82519
6
164337
12
52761
4
74674
6
7605
0
129758
10
131039
10
17681
1
135628
10
26410
2
142668
11
164014
12
42085
3
160726
12
23646
1
33466
2
59336
4
25340
1
144742
11
141523
10
122394
9
161703
12
20486
1
152725
11
72838
5
135856
10
37230
2
42820
3
58761
4
104057
7
70503
5
54622
4
115129
8
26055
1
68515
5
107621
8
147070
11
32410
2
51979
4
88342
7
29791
2
19449
1
166786
12
158972
12
148425
11
154515
11
160665
12
3472
0
113947
8
16651
1
115789
9
144951
10
32233
2
77929
6
102322
7
118868
9
17811
1
28161
2
109103
8
26300
2
92211
7
82419
6
83251
6
29411
2
85027
6
57303
4
140004
10
54641
4
74230
5
24300
1
48424
3
3873
0
16508
1
131607
9
28686
2
28328
2
66736
5
134429
10
111061
8
8157
0
112665
8
126364
9
64203
4
89368
7
162459
12
28374
2
69391
5
90972
6
124997
9
164916
13
151248
11
104620
8
121220
9
89580
7
65960
5
131411
10
53036
4
57620
4
94659
7
29370
2
81493
6
100910
8
139832
10
30742
2
96379
7
103299
8
5004
0
137017
10
80970
6
37395
2
92357
7
16338
1
77439
6
20270
1
12287
1
135137
10
16828
1
36037
3
27355
2
136245
10
41772
3
97297
7
164975
12
153609
11
22185
1
67374
5
120262
9
93586
7
83821
6
37758
2
127037
9
30971
2
142375
10
20968
1
140737
10
158904
11
163839
12
37237
2
73366
5
139932
10
35146
2
92823
7
37167
2
127189
9
100998
7
117266
9
73272
5
132095
10
162992
12
99095
7
132535
10
19654
1
38930
3
93253
7
116177
9
82635
6
68561
5
41894
3
108294
8
60784
4
50431
4
88758
6
158011
12
147923
10
89122
6
103368
7
52613
4
160074
11
45778
3
3910
0
26798
2
8588
0
3892
0
27013
2
70585
5
51641
3
131790
10
157312
12
41620
3
134546
10
118390
8
3413
0
33870
2
41757
3
47540
3
126875
9
3772
0
135996
10
143559
11
139270
10
27070
2
109895
8
31821
2
31996
2
1429
0
19123
1
131060
10
140404
10
61638
4
11537
0
22458
1
94143
7
27495
2
76690
6
57419
4
105446
8
110377
8
122056
9
51894
3
69342
5
149457
11
40182
3
66623
5
143450
10
56669
4
113068
8
115507
8
41498
3
33539
2
98262
7
31419
2
25375
1
80463
6
117286
8
44351
3
63193
4
55712
4
71641
5
38839
3
36758
2
117689
8
105309
8
24107
1
108171
8
52041
3
22073
1
77555
5
127181
9
40645
3
149356
11
136268
10
153924
11
71748
5
117132
9
93772
7
44832
3
97205
7
58246
4
134387
10
42099
3
76349
5
63907
5
163222
12
84245
6
110983
8
104687
7
48311
3
134848
10
139624
10
95559
7
87169
6
6446
0
143871
11
65322
4
79027
6
9933
0
100710
7
96233
7
56585
4
31588
2
63354
4
110311
8
134849
10
119956
9
20449
1
78867
6
118485
8
167647
12
125483
9
119682
9
42617
3
155554
12
95833
7
41583
3
114289
8
141362
11
96630
7
27741
2
5225
0
111340
8
127428
9
72551
5
20726
1
13358
1
153756
12
7095
0
118329
8
21589
1
3403
0
16559
1
89021
6
11127
0
163637
12
64173
4
116078
8
60326
4
139345
10
79442
6
101270
7
75063
6
162735
12
34240
2
142583
10
75819
6
23288
1
17666
1
115945
8
16448
1
166476
12
79244
6
36414
2
8845
0
134665
10
136659
10
57594
4
143298
11
57699
4
43415
3
162028
12
113963
8
127487
9
74221
5
140427
10
48662
3
77167
6
100336
7
49403
3
11250
0
68798
5
85668
6
67420
5
15577
1
166376
12
92736
7
133337
10
167068
12
149450
11
159133
12
32555
2
41003
3
112512
8
132420
9
119703
9
148024
11
16617
1
131706
10
47615
3
115163
9
152369
11
41985
3
40562
3
109160
8
12711
0
55336
4
60337
4
98210
7
18561
1
87646
6
157818
12
151226
11
4911
0
82749
6
109589
8
162873
12
67110
4
121634
9
80948
6
44720
3
107817
8
137465
10
86357
6
20426
1
120196
9
18877
1
136638
10
18250
1
41437
3
90539
6
67035
5
45873
3
154548
11
59893
4
103425
7
102487
8
93188
7
3102
0
13769
1
69495
5
54994
4
47050
3
48580
3
33153
2
94935
7
50841
3
83847
6
116743
9
82275
6
65036
5
5479
0
27934
2
46813
3
154586
11
140645
10
119908
9
80087
6
66931
5
166611
12
137438
10
133542
10
78934
6
18159
1
58556
4
3583
0
147560
11
39250
2
79907
6
56961
4
74888
5
51481
3
52360
4
157342
11
51794
4
70317
5
90500
6
91445
7
157367
11
160814
12
9438
0
149572
11
36048
2
55018
4
153616
11
56124
4
41181
3
56064
4
53486
4
106248
8
152465
11
149916
11
23791
1
128953
10
28286
2
18679
1
20054
1
32398
2
69060
5
160185
12
161424
12
143930
10
43587
3
45713
3
40865
3
122241
9
1124
0
65168
4
108780
8
31447
2
125070
9
140658
10
64356
4
147658
11
48001
3
57948
4
22669
1
148773
11
49709
3
136230
10
137759
10
96022
7
110073
8
161642
12
9219
0
12247
0
46717
3
3444
0
130628
10
66579
4
39596
3
12739
1
75914
5
4637
0
6164
0
153696
11
59804
4
96206
7
68964
5
163454
12
112554
8
126180
9
122492
9
93818
7
103738
7
89721
6
7932
0
40007
3
70196
5
136279
10
40199
3
70862
5
124701
9
11012
0
48724
3
24566
1
117033
9
122785
9
139034
10
72460
5
148286
11
163972
12
9849
0
103757
8
5607
0
150967
11
160934
12
7087
0
55355
4
53240
4
88626
6
116164
8
80905
6
129766
9
128587
9
9283
0
47552
3
3926
0
134025
10
106190
8
75122
5
127657
9
39491
3
82580
6
74087
5
57452
4
141358
10
98366
7
126433
9
100827
7
107298
7
96382
7
52597
4
108687
8
24953
1
52780
4
65482
5
130107
9
110006
8
73756
5
131087
10
3176
0
116776
9
82555
6
91313
7
8943
0
1413
0
88113
6
14021
1
78524
5
106946
8
7395
0
16024
1
161572
12
157105
11
85701
6
77120
5
144908
11
134950
10
56913
4
141341
10
18865
1
3505
0
47040
3
107671
8
91493
7
91218
7
21521
1
27769
2
21106
1
147697
11
114049
8
140473
11
10402
0
98604
7
72045
5
33393
2
104943
8
88043
6
67845
5
108167
8
67236
5
36874
2
50307
3
139817
10
34699
2
57705
4
164933
12
20214
1
54792
4
54439
4
64795
5
107133
8
114498
8
51075
4
152290
11
121132
9
94779
7
27206
2
26959
2
49175
3
17804
1
72504
5
131433
9
154843
11
42401
3
151465
11
165939
12
88533
6
42136
3
81336
6
89561
7
74864
5
54243
4
133376
10
45678
3
156533
12
125402
9
53477
4
36429
2
52704
3
86226
6
120615
9
44302
3
91445
7
166303
12
151352
11
155801
12
29447
2
35097
2
48514
3
15955
1
129207
9
130362
10
124074
9
45609
3
34427
2
59772
4
155891
12
46647
3
113554
8
123109
9
64454
5
28817
2
3851
0
73200
5
137570
10
46656
3
144716
11
96744
7
4678
0
144874
11
43928
3
27134
2
3619
0
79888
6
98218
7
64195
4
33920
2
95262
7
36378
2
102145
8
150382
11
23956
1
92089
7
62050
4
84604
6
33270
2
125694
9
92183
7
106563
8
19235
1
42464
3
97876
7
2085
0
18285
1
153106
11
21779
1
19903
1
35281
2
47502
3
48860
3
114302
8
70501
5
48105
3
132749
10
85582
6
160463
12
145148
11
84120
6
24262
1
14381
1
29678
2
69638
5
29064
2
37580
2
153822
12
129468
9
134983
10
81383
6
23391
1
113344
8
157663
12
81972
6
13559
1
164035
12
109837
8
155991
12
74724
5
133206
10
117154
9
57629
4
17414
1
27785
2
156989
11
66700
4
34656
2
136628
10
106854
7
116234
8
78567
5
151
0
34726
2
103022
7
113774
8
51332
3
35118
2
161317
12
24119
1
128033
9
158821
11
97880
7
53531
4
149223
10
137040
10
167333
12
130878
9
60073
4
36807
2
119116
8
63693
4
121577
9
47621
3
151632
11
90332
6
159258
12
136526
10
138632
10
69614
5
115471
8
73776
5
32312
2
42431
3
117181
9
142850
11
57760
4
136639
10
130779
10
30446
2
124313
9
66740
5
146682
11
31006
2
126065
9
164392
12
23482
1
15909
1
162310
12
116124
8
41991
3
156022
11
130009
10
65858
5
40490
3
127165
9
109731
8
22261
1
167481
12
115491
9
40585
3
79638
5
149923
11
145353
11
25390
1
165537
12
158113
12
62213
4
69983
5
144881
11
36721
2
139371
10
50478
3
162345
12
124944
9
48815
3
95097
7
165727
12
94826
7
148337
11
167709
12
95817
7
94385
7
29526
2
132353
10
148912
11
111895
8
106129
8
59608
4
167149
12
5203
0
154176
11
48688
4
71551
5
107613
8
148496
11
128459
9
86285
6
164309
12
138117
10
27186
2
129282
9
97443
7
114330
8
9069
0
89895
6
59714
4
109174
8
35588
3
121158
9
43494
3
108244
8
115950
8
131251
10
859
0
3795
0
34026
2
39656
3
79842
6
17190
1
46516
3
19870
1
58032
4
130237
9
142806
10
120368
8
59544
4
98182
7
140918
10
122303
9
125084
9
112754
8
93841
7
54058
4
55735
4
89827
7
117033
9
107632
8
35959
2
13031
1
47953
3
129882
10
81430
6
95396
7
86746
6
150967
11
167571
12
98457
7
162754
12
93076
6
167689
13
130756
10
26933
2
13795
1
47302
3
26657
2
56919
4
143208
10
86983
6
60863
4
146715
11
75947
5
23261
1
111388
8
146226
11
46230
3
67979
5
34588
2
38664
2
62116
4
50401
3
73844
5
25271
1
127786
9
87963
6
19727
1
90001
6
41450
3
61666
4
163712
12
65672
5
6153
0
126164
9
119219
9
78372
6
137297
10
92756
7
164873
12
87749
6
41391
3
136577
10
102256
8
147610
11
2628
0
138216
10
76303
5
147005
11
48670
3
110120
8
142552
10
130219
9
30642
2
78635
6
29797
2
38680
2
55154
4
91268
7
146978
11
151143
11
58675
4
31257
2
93559
7
24973
1
8544
0
3833
0
143869
11
123723
9
28213
2
8096
0
72111
5
58612
4
83193
6
14215
1
131670
10
17292
1
82406
6
6245
0
60891
4
133255
10
153050
11
47136
3
119589
9
60428
4
87343
6
45677
3
29620
2
86442
6
52436
4
73431
5
147675
11
41490
3
75171
5
121258
9
112767
8
145828
10
52137
4
147618
11
47044
3
110924
8
91228
6
150027
11
138125
10
18057
1
12962
0
33404
2
134554
10
111597
8
95945
7
129208
10
93340
8
27041
2
92181
7
141009
10
127667
9
53545
4
5041
0
160852
12
80848
6
37220
2
157503
12
71006
5
79655
6
154374
11
97540
7
7206
0
114307
8
13102
1
123635
9
43865
3
31425
2
1252
0
123673
9
28926
2
55879
4
4395
0
119489
9
154011
11
162984
12
45249
3
131487
10
161545
12
46643
3
149258
13
115517
8
41953
3
92614
7
112490
8
28365
2
116883
8
141684
11
134856
10
167223
12
22143
1
87568
6
51753
3
43730
3
52418
3
24924
1
52952
4
34072
2
93771
7
23173
1
22026
1
131649
9
156095
11
144203
10
137202
10
153449
11
22628
1
71017
5
99312
7
105438
7
146086
10
65179
4
54169
4
53367
4
65073
4
87118
6
98255
7
66480
4
97191
7
815
0
49118
3
71946
5
6327
0
166540
12
122916
9
77205
5
38744
2
58286
4
89948
6
20566
1
97307
7
144152
10
144995
10
16891
1
68954
5
21171
1
156376
11
64592
4
110190
8
43486
3
124316
9
147019
11
13677
1
123349
9
65464
4
135235
10
31928
2
14932
1
49817
3
125561
9
73129
5
120192
9
154874
11
43577
3
87106
6
130709
10
137323
10
153999
11
128458
9
132228
10
43097
3
17708
1
71523
5
24511
1
86652
6
128594
9
23875
1
121942
9
8423
0
83593
6
140273
10
59233
4
16794
1
92837
7
55764
4
29229
2
72401
5
151053
11
95404
7
48551
3
80870
6
100036
7
73684
5
54596
4
87946
6
157914
12
78604
6
81788
6
83910
6
127917
9
161582
12
60986
4
123603
9
78747
6
143937
10
160741
12
12238
0
4241
0
89167
6
32552
2
114663
8
166069
12
16605
1
38528
2
25327
1
22254
1
113466
8
77635
5
116073
8
91797
6
108524
8
37058
2
138029
10
159205
11
137738
10
157707
11
80496
6
165474
12
47251
3
144917
11
61262
4
95959
7
137592
10
78388
6
43404
3
5329
0
143942
11
62404
4
41536
3
50250
4
154651
11
166127
12
129396
9
137461
10
20690
1
119592
9
51128
3
78271
5
27050
2
47975
3
105230
7
96387
7
68758
5
82192
6
68553
5
89796
6
19377
1
6945
0
72833
5
7064
0
119195
8
159046
11
84771
6
61349
4
165
0
195
0
8773
0
99899
7
15456
1
3542
0
86500
6
130862
9
65724
4
103654
7
152134
11
123102
9
107161
8
107782
8
108249
8
141477
11
83984
6
45073
3
157283
11
89419
7
60259
4
125649
9
146915
11
94721
7
59370
4
122908
9
162204
12
47222
3
78467
6
80362
6
200
0
120462
9
72617
5
21403
1
103375
7
110151
8
153344
11
167739
12
68383
5
18834
1
127527
10
163687
26
35466
2
119939
9
14087
1
124746
10
139690
11
70382
5
123093
10
91582
7
19167
1
91250
7
3599
0
140289
10
162663
13
5535
0
90229
7
84292
6
151728
11
59448
4
116371
8
131144
9
60045
4
133776
10
23558
1
132409
10
166313
12
58401
4
128950
9
93996
7
79701
5
124139
9
83370
6
108368
8
68173
5
155613
11
5354
0
92578
6
38836
2
50030
3
94482
7
83526
6
83533
6
28252
2
74075
5
128709
10
133334
10
134612
10
145193
11
109870
8
108313
8
23457
1
29630
2
84940
6
161481
12
16842
1
32037
2
153230
11
95032
7
102502
7
161618
12
111367
8
78513
6
39761
2
115000
8
146239
11
125080
9
66898
5
30054
2
96601
7
56411
4
14113
1
41381
3
73962
5
103500
8
100426
7
115852
9
46526
3
142155
11
28507
2
15322
1
134234
10
160031
11
90102
7
153726
11
31517
2
28028
2
96623
7
132889
10
32657
2
72716
5
40666
3
91562
7
111514
8
27571
2
62309
4
107048
8
165769
12
29050
2
63390
4
73843
5
105617
7
136539
10
77802
6
83407
6
66437
5
141251
10
163488
12
157466
12
1844
0
146627
11
161434
12
65996
4
149381
11
124812
9
1286
0
75841
5
98389
7
150572
11
165554
12
64924
5
148713
11
22730
1
69936
5
6036
0
114143
8
144161
10
47694
3
66673
5
146900
11
64132
5
34782
2
62638
4
119221
9
130305
9
148355
11
157663
12
120561
9
97930
7
5920
0
96258
7
132463
10
53515
4
82503
6
155242
11
17102
1
157370
11
93296
6
101511
7
53507
4
95711
7
140114
10
167518
12
2374
0
56962
4
13289
1
5536
0
54317
4
47738
3
166111
12
72675
5
120663
9
9167
0
5171
0
43386
3
10039
0
30098
2
159537
12
160339
12
51900
4
163586
12
155771
12
123688
9
151635
11
84488
6
90587
7
99799
7
127490
9
22011
1
126797
9
25418
2
116553
9
46639
3
139873
10
61550
4
33066
2
251
0
143698
10
77978
5
38016
2
143101
10
105683
8
134672
10
145693
11
67260
5
146380
11
89903
6
133214
10
65525
4
154614
11
63394
4
41518
3
30326
2
83561
6
2324
0
107139
8
45846
3
42670
3
11016
0
87231
6
111945
8
37992
2
19516
1
5081
0
20971
1
119994
8
149633
11
111349
8
38717
2
87359
6
106683
8
32328
2
147827
11
85364
6
146482
11
78206
5
90886
6
145530
10
139547
10
141711
10
116210
8
76150
5
14404
1
24449
1
158088
11
147395
11
55031
4
73906
5
108113
8
72488
5
132036
9
72737
5
4557
0
25961
1
157707
11
37597
2
113811
8
134420
10
72133
5
118655
8
26707
1
3698
0
133028
9
148254
11
18920
1
162419
12
105755
7
16
0
134987
10
34544
2
148824
11
120799
9
150376
11
148134
11
99014
7
25496
1
104060
7
104915
8
164176
12
29584
2
157074
11
137550
10
145418
10
115677
9
80948
6
101626
7
85970
6
26825
2
116791
9
72327
5
147462
10
74422
5
143531
10
116152
8
20808
1
70057
5
11036
0
49537
3
157226
11
129209
9
99908
7
51375
3
158273
12
80510
6
150140
11
56099
4
120784
9
54585
4
154275
12
49981
3
72039
5
132722
9
68897
5
140041
10
161844
12
139624
10
131035
9
73483
5
156445
12
161844
12
9397
0
103759
7
149200
11
60054
4
12738
1
100191
7
65390
5
144730
11
126355
9
132014
10
51975
3
101255
7
100124
7
52579
4
79155
6
71761
5
107252
7
113106
8
64533
4
166645
12
37951
2
58757
4
42992
3
85473
6
143524
11
16929
1
2551
0
166647
12
30911
2
119759
9
116486
9
159412
12
85635
6
29629
2
65150
5
127530
9
24782
1
154029
11
31612
2
28924
2
706
0
99526
7
144514
11
74096
5
28879
2
111245
8
57719
4
129693
9
57962
4
120618
9
27915
2
8283
0
155190
11
91175
6
149365
11
34823
2
19965
1
62286
4
165321
12
80462
6
93935
7
8677
0
61002
4
13548
1
20053
1
89829
6
67474
5
58755
4
11598
0
81736
6
130333
9
131935
9
89088
6
96707
7
19555
1
148927
11
16921
1
99024
7
35416
2
10220
0
69157
5
97304
7
26077
2
91385
7
41149
3
126414
9
138951
10
167575
12
63702
4
5184
0
65473
5
148226
11
47694
3
146300
11
62698
4
88597
6
34178
2
147438
11
35709
2
62445
4
65345
4
70970
5
125181
9
20957
1
64849
5
148977
11
21308
1
100052
7
58079
4
79477
6
166333
12
108429
8
72923
5
76385
5
69092
5
157843
11
114080
8
149268
11
29514
2
12155
0
94239
7
48337
3
140291
10
4247
0
63209
4
111909
8
161597
12
95148
7
72549
5
116053
8
17984
1
150700
11
62858
4
71073
5
120866
9
133486
10
127741
9
107305
8
49714
3
59863
4
99656
7
27418
2
85210
6
76311
5
4053
0
147242
11
10961
0
23694
1
19569
1
83747
6
53622
4
5907
0
112641
8
71295
5
146487
11
155440
11
99107
7
160156
12
26845
2
39217
3
79051
6
131091
9
125829
9
76903
5
149343
11
147642
11
137666
10
150799
11
128509
9
72949
5
7286
0
137674
10
26981
2
48597
3
11065
0
95691
7
148217
11
113423
8
59038
4
69294
5
164810
12
54621
4
154941
12
2041
0
167619
12
128284
10
109835
8
140323
10
56145
4
29282
2
92936
7
161103
12
107802
8
72120
5
117831
9
152800
11
146407
11
21897
1
156976
12
152106
11
99780
7
12623
1
67225
5
52464
4
118135
9
109536
8
74718
5
124795
17
80880
23
8309
0
99981
7
121006
11
50158
14
57439
7
30222
2
75757
6
97633
8
71534
5
129159
11
156753
12
106926
8
100595
7
26927
2
112158
8
13787
1
137717
10
131001
10
37452
2
94122
6
82129
6
18755
1
100241
7
12554
0
97146
7
114484
8
5850
0
32253
2
4203
0
29791
2
91388
7
49911
3
87652
6
115049
8
100197
7
41814
3
36920
3
123935
9
42782
3
12122
0
91028
6
20713
1
134762
10
46042
3
1841
0
55137
4
157462
12
32002
2
126993
10
129136
9
18284
1
154745
12
141873
10
51801
3
10084
0
141706
11
31267
2
43121
3
1707
0
155299
12
166912
13
158272
12
114635
9
110299
8
136250
10
34324
2
130076
9
103817
8
65207
5
4488
0
35320
2
160679
12
68439
5
123319
9
4519
0
73687
5
154773
11
124228
9
126987
9
137064
10
11727
0
105797
8
51833
3
66084
5
96602
7
60892
4
6793
0
3388
0
71073
5
43527
3
84207
6
145743
11
5510
0
138521
10
21350
1
36867
2
25066
2
112106
8
104954
8
67456
5
67869
5
78997
5
86003
6
63375
5
138423
10
144931
11
139250
11
33556
2
135914
10
152578
11
115977
9
102197
7
160274
12
155676
11
162886
12
167312
13
47006
3
77107
6
117645
9
95219
7
137572
10
163779
12
50767
3
140322
10
124239
9
150802
11
154151
11
155643
12
90534
6
121566
9
79910
6
83893
6
69910
5
10965
0
140085
10
68367
5
98415
7
81
0
76710
6
24575
1
27461
2
117818
8
26227
2
80853
6
136499
10
120569
9
19622
1
114417
8
125141
9
156646
11
95558
7
148546
11
152920
11
113852
8
120363
9
119028
9
145088
11
133326
9
63712
4
105320
8
163396
12
135118
10
27557
2
80771
6
35598
2
105482
8
114410
8
103241
7
13531
1
12430
1
90690
6
145079
10
16239
1
41270
3
123701
9
165652
12
52177
3
66889
5
15501
1
52202
4
43278
3
49552
3
112268
8
3930
0
73447
5
8152
0
79168
6
88308
6
122654
9
161578
12
96939
7
47702
3
127509
9
11620
0
120697
9
105153
8
47484
3
40256
3
26974
2
139928
11
6219
0
134403
10
137822
10
46096
3
93154
7
83142
6
138551
10
2814
0
123575
9
117503
9
44485
3
38109
2
146685
11
87858
6
65707
5
90127
6
135393
10
34905
2
139484
10
101239
8
5468
0
16157
1
161123
12
22781
1
64951
4
165614
12
53345
3
101791
7
44456
3
41633
3
36349
2
164086
12
22551
1
89876
7
83166
6
49568
3
29651
2
11580
0
24212
1
112921
8
39941
3
58044
4
15186
1
81445
6
57930
4
10657
0
61586
4
11399
0
129269
9
87490
6
164846
12
83609
6
150322
11
74250
5
71198
5
135610
10
137031
10
66117
4
138875
10
110786
8
65581
4
152527
11
93010
7
139974
10
120039
9
110542
8
9920
0
112150
8
40105
3
79297
6
135786
10
126582
9
158016
11
152139
11
147081
10
125498
9
112374
8
3506
0
85180
6
121156
9
43358
3
49363
3
16003
1
67371
5
82007
6
45968
3
25185
2
36342
2
158617
12
110349
8
45166
3
61068
4
59860
4
154332
11
80939
6
125446
9
39783
3
30555
2
27912
2
18288
1
153451
11
17741
1
69270
5
68117
5
95860
7
103656
7
69003
5
112054
8
74105
5
37539
2
54150
4
57813
4
6600
0
93877
7
56251
4
116206
9
163342
12
58329
4
48025
3
39199
2
45536
3
17597
1
88842
6
28255
2
16092
1
140142
10
87253
6
76518
5
2573
0
85375
6
80312
6
80241
6
137509
10
145723
11
28057
2
157439
12
103488
7
3874
0
63638
5
38582
2
27869
2
127031
9
51896
3
23049
1
55675
4
155236
11
101562
7
127448
10
11704
0
55532
4
48217
3
72667
5
112811
8
96335
7
108818
8
3608
0
45047
3
6083
0
23137
1
154629
11
102446
7
34218
2
9016
0
39482
3
75009
5
40600
3
104594
8
92571
7
60307
4
77541
6
62277
5
87228
6
57013
4
75304
5
142519
10
77176
6
154935
11
151264
11
156000
11
83864
6
89647
6
79337
5
78537
6
49184
4
146228
11
157983
12
119148
9
155629
11
5687
0
20444
1
109709
8
76232
5
129514
9
29584
2
3319
0
94609
7
132047
9
149159
11
98727
7
118311
9
113313
8
137928
10
154758
12
138525
10
44092
3
94172
7
73809
5
111874
8
22512
1
52718
4
51901
4
56833
4
53187
4
28132
2
50650
3
117707
9
54130
4
103285
8
15508
1
145967
10
32996
2
29718
2
73748
5
46725
3
112008
8
147935
10
120519
9
79956
5
137969
10
115654
8
13776
1
166989
12
122449
9
42476
3
3551
0
68885
5
106875
8
74624
5
31625
2
141582
10
147030
11
38823
2
5855
0
142801
10
105172
8
132424
10
12701
0
31611
2
66981
5
136009
10
123915
9
13472
1
94357
7
136106
10
121646
9
100584
7
124076
9
26266
2
121888
9
134539
10
303
0
165840
12
80300
6
151481
11
160853
12
25877
1
49697
3
154565
11
3940
0
96550
7
97659
7
124199
9
103845
7
13019
1
164441
12
26029
2
40131
3
78759
6
114278
8
41834
3
82198
6
80524
6
42913
3
141656
10
143814
11
149885
11
118411
9
99841
7
40401
3
20851
1
39085
3
140168
10
48766
4
15749
1
153321
11
121012
9
4528
0
119114
9
153606
11
33438
2
69432
5
63754
4
35662
2
4983
0
138462
10
24277
1
145831
10
1842
0
41227
3
119536
8
22924
1
130335
10
44957
3
97205
7
63286
4
110110
8
112749
8
25503
1
34360
2
78267
5
64330
4
94237
7
108246
8
155284
11
83133
6
29309
2
37148
2
103669
7
80790
6
119018
9
17415
1
116025
8
66383
5
67669
5
81732
6
73201
5
104940
7
81648
6
59798
4
12364
0
153765
11
53171
3
39915
3
72815
5
103965
7
78242
5
16845
1
51279
3
108933
8
6972
0
52752
3
25011
1
154204
11
41890
3
130594
10
125968
9
75749
5
94579
7
114516
8
127304
9
88186
7
4120
0
146166
11
61281
4
77645
5
138476
10
142128
10
101983
7
111451
8
48811
4
157269
11
29998
2
53273
4
130256
9
41163
3
62948
5
62526
4
138645
11
4048
0
154684
11
97765
7
31293
2
155369
12
159186
12
24212
1
104938
7
109145
8
51614
3
137780
10
47564
3
58492
4
109953
8
86176
6
165804
12
30499
2
95755
7
161788
12
145304
11
72880
5
32409
2
93831
7
17445
1
65927
4
45532
3
64550
5
150812
11
162942
12
109018
8
66039
5
136806
10
8139
0
151449
11
17959
1
70035
5
149250
11
107691
8
36686
2
7914
0
163423
12
115468
8
89610
6
5327
0
1332
0
101137
7
91197
6
15786
1
62298
4
12740
0
123253
9
164449
12
95136
7
117351
8
154621
11
101324
7
119388
9
143506
11
16669
1
82888
6
77454
5
65869
5
96891
7
163827
12
164147
12
6051
0
21167
1
40387
3
39028
2
10184
0
33452
2
99027
7
71749
5
63852
4
136205
10
154183
11
38214
2
163031
12
56467
4
92882
7
149275
11
67279
5
32122
2
68968
5
38273
2
65630
5
48343
3
65504
4
6261
0
119296
9
113843
8
92837
7
98923
7
85878
6
31430
2
35140
2
58625
4
101958
7
81063
6
2000
0
40319
3
136407
10
112643
8
140770
10
121237
9
139340
10
10116
0
151898
11
112916
8
163064
12
13953
1
47541
3
19440
1
75585
6
78618
5
23363
1
123552
9
136760
10
113734
8
154410
11
79726
5
143371
11
29172
2
42278
3
648
0
52785
3
151382
11
45724
3
138145
10
101880
8
48114
3
92451
7
84181
6
45620
3
84570
6
64178
4
146672
11
63639
4
150739
11
111771
8
111656
8
30090
2
3187
0
10063
0
65930
5
92344
7
93403
7
150997
11
56366
4
145851
11
63628
4
21891
1
70776
5
51260
3
43743
3
52920
4
68965
5
57814
4
86486
6
118512
9
70881
5
91208
7
76614
5
126990
9
60974
4
164258
12
84667
6
48527
3
109465
8
126392
9
128829
9
83729
6
79605
6
103601
7
31504
2
96894
7
145586
11
102540
7
36002
2
118441
9
130418
9
148340
11
92186
6
163590
12
116785
9
58308
4
32355
2
66886
4
45400
3
114491
8
140588
10
105981
7
33456
2
92745
7
96925
7
39370
2
8094
0
126197
9
114195
8
19407
1
31664
2
71048
5
78350
6
12328
0
55252
4
73793
5
95227
7
124318
9
38920
3
86450
6
96919
7
14079
1
40516
3
100187
7
131772
10
99000
7
39661
3
141085
10
157439
11
74968
5
92263
6
128172
9
130426
9
55090
4
101550
7
22842
1
27938
2
157838
11
57358
4
38340
2
28330
2
37197
2
79744
6
146040
10
68192
5
74219
5
57479
4
114610
8
18165
1
46176
3
156850
12
8343
0
80087
5
36808
2
81112
6
99804
7
79826
6
133413
10
132339
10
83318
6
20213
1
6884
0
4376
0
24005
1
76860
6
30792
2
44116
3
30912
2
16418
1
61807
4
10201
0
8389
0
85377
6
28177
2
37002
2
81956
6
155389
12
75425
5
91442
7
107886
8
26600
1
6906
0
86777
6
94202
7
17109
1
80250
6
103163
8
91094
6
165277
12
119142
9
110505
8
30922
2
109050
8
25267
1
88080
6
84009
6
155709
11
97226
7
161588
12
148176
11
100236
7
41837
3
123779
9
76821
6
146667
11
120266
9
49884
3
92346
7
84138
6
15790
1
20340
1
134591
10
165666
12
106101
7
34618
2
37137
2
101266
7
158799
12
138429
10
77305
6
59854
4
96164
7
167565
13
67774
5
70846
5
123879
9
56128
4
90064
6
46171
3
67924
5
160548
12
92531
7
2784
0
64014
4
61730
4
58627
4
41214
3
65818
5
129757
10
6857
0
113910
8
150846
11
30214
2
31795
2
128178
9
81514
6
8852
0
80472
6
107370
8
97460
7
47707
3
19278
1
60481
4
40994
3
115756
9
147846
11
86540
6
52433
3
133052
10
24709
1
9571
0
23263
1
126919
9
91364
6
45482
3
8284
0
15455
1
67773
5
134062
10
137598
10
70235
5
86396
6
160388
12
82064
6
10077
0
22171
1
8467
0
68241
5
47335
3
153844
11
87490
6
18823
1
49552
3
17965
1
140988
10
6698
0
36462
2
5154
0
33366
2
50335
3
36662
3
161982
12
127436
9
97291
7
2128
0
92464
7
85837
6
146753
11
150246
11
156565
11
36570
2
6915
0
123126
9
37525
2
146535
11
58222
4
128600
10
50057
3
139400
10
17645
1
54251
4
42525
3
34320
2
132643
10
132473
10
48560
3
113430
8
36274
2
42805
3
119957
9
12152
0
54395
4
27957
2
144591
10
15432
1
109552
8
88418
6
162098
12
136401
10
67136
5
73336
5
153010
11
22685
1
103787
8
114286
8
42337
3
32609
2
73491
5
33427
2
143525
11
5610
0
128416
9
132332
10
45003
3
135885
10
90399
6
37390
2
115187
8
148414
11
79401
6
72449
5
126771
9
116057
9
48040
3
36261
2
38893
2
65932
5
130669
10
31912
2
70114
5
103863
7
119701
9
82498
6
52682
3
1575
0
159147
12
23392
1
156124
12
141591
10
123505
9
158791
12
85310
6
69267
5
72953
5
19652
1
78
0
115791
8
9466
0
165019
12
143950
11
154245
11
147402
11
21970
1
151223
11
1026
0
55579
4
118806
8
1807
0
82220
6
98499
7
133049
10
127210
9
49511
3
155197
11
148321
11
29442
2
86681
6
157521
12
156648
12
9744
0
115706
8
36598
3
57076
4
52061
3
6174
0
89653
7
88638
6
56033
4
110870
8
152880
11
50537
3
102553
7
130109
9
117023
8
139596
10
8194
0
11272
0
142600
10
127427
9
38007
3
144810
11
121937
9
164592
12
76143
5
143668
11
148051
11
153298
11
50452
3
20959
1
15749
1
67336
5
2824
0
42915
3
11014
0
62767
4
868
0
22118
1
22387
1
74463
5
114189
8
93258
7
4094
0
128196
9
35631
2
133540
10
152320
11
36836
2
95833
7
129138
10
122848
9
78610
5
52964
4
25145
2
53915
4
60881
4
160642
12
12561
0
91146
6
36176
2
108960
8
150222
11
148929
11
84637
6
152734
11
28008
2
67611
5
109791
8
7696
0
84693
6
144808
11
27718
2
160225
12
71393
5
29539
2
52286
3
18996
1
135178
10
58325
4
88184
6
69704
5
137172
10
68939
5
64132
4
85909
6
158296
12
78308
5
45890
3
106922
8
166810
13
67802
5
126717
9
9316
0
13328
1
122995
9
160277
12
140251
10
83226
6
22301
1
149659
11
83808
6
146931
11
78991
5
155222
11
39024
2
164735
12
145780
11
14550
1
25628
2
76113
5
128816
10
160255
12
110514
8
64227
5
124590
9
150240
11
118898
8
65341
5
66442
5
33371
2
129658
10
9228
0
96814
7
146155
11
35567
2
30953
2
46950
3
23808
2
2690
0
155569
11
45582
3
117170
9
12337
0
103596
8
33711
2
56208
4
141705
10
12881
1
51428
3
22892
1
140636
10
82805
6
167413
12
154693
11
37058
2
125363
9
93379
7
17389
1
150342
11
81975
6
38872
2
43187
3
5800
0
9446
0
75970
6
134963
10
79038
6
53388
4
131066
10
9803
0
50258
3
69324
5
19261
1
106151
8
124800
9
15843
1
88896
7
10660
0
89160
6
133250
10
152679
11
74998
5
34926
2
43646
3
107493
8
51234
3
83333
6
131409
10
7427
0
166697
12
105544
8
64259
5
109390
8
34828
2
57750
4
113132
8
677
0
31030
2
13847
1
11751
1
143511
11
79137
6
165557
12
144724
11
37922
2
34964
2
18223
1
82419
6
57906
4
99721
7
61001
4
161283
12
83776
6
119621
8
167008
12
18135
1
39799
3
97010
7
52239
3
125334
9
62819
4
121240
9
111673
8
135321
10
123057
9
110139
8
110452
8
102239
8
2827
0
62702
4
72003
5
93461
7
21423
1
71537
5
37448
2
14290
1
56705
4
48887
3
19582
1
90605
7
120601
9
26250
2
66314
5
115617
8
7863
0
145124
11
131995
10
130477
10
87683
7
31972
2
149952
11
59894
4
164829
12
7816
0
21060
1
9686
0
6338
0
22455
1
49555
3
5941
0
35309
2
90584
6
29835
2
90746
6
131758
9
46878
3
58710
4
139671
10
63100
4
53647
4
73297
5
29256
2
99424
7
149132
11
72886
5
159819
12
154509
11
73684
5
75647
5
44124
3
140008
10
142934
11
44492
3
13021
1
9884
0
151635
11
47007
3
51105
4
54741
4
115097
8
58342
4
86504
6
166954
12
89854
6
18276
1
157467
11
40027
3
106548
8
81380
6
134188
10
142028
10
116975
9
92335
7
112531
8
153205
11
31842
2
19309
1
92574
7
50534
3
7857
0
65356
5
19684
1
85574
6
25786
2
113129
8
92351
6
27677
2
135423
10
67082
5
27184
2
144254
11
75734
5
148476
11
44419
3
86166
6
104056
7
51234
4
3327
0
96732
7
128987
10
138922
10
108286
8
124161
9
35374
2
103725
8
81112
6
67598
5
145461
10
112967
8
50359
3
158248
12
29577
2
149059
11
1360
0
128166
9
114511
9
36120
2
89025
6
117664
9
91326
7
49237
3
29234
2
28126
2
144146
11
132165
10
83471
6
60370
4
150256
11
137527
10
53272
3
31051
2
153190
11
105036
8
62242
4
74923
5
53674
4
64250
4
88051
6
149840
11
121521
9
131737
9
79856
6
83757
6
106330
8
26222
2
16701
1
14140
1
85788
6
140489
10
118719
8
95173
7
61970
4
91649
7
61780
4
58417
4
67072
5
146352
11
57298
4
134812
10
72702
5
88229
7
40838
3
152068
11
2019
0
3348
0
136857
10
33473
2
13413
1
109373
8
60100
4
96437
8
20797
1
8552
0
101517
8
131293
10
165419
13
102070
8
75728
6
89366
6
113679
8
116145
8
72698
5
12642
0
17312
1
21481
1
64684
5
52254
3
127264
9
137994
10
149259
11
22226
1
89409
6
112545
8
52561
4
152907
11
62315
4
66529
5
144333
11
130627
10
50563
4
28436
2
103335
7
99021
7
145559
10
135556
10
124916
9
161426
12
111891
8
88565
6
58366
4
116539
8
96331
7
155370
12
166419
12
128695
10
61955
4
8602
0
88130
6
10456
0
15053
1
67426
5
108259
8
92241
7
97751
7
29835
2
39828
3
121988
9
16148
1
57005
4
19461
1
54014
4
139776
10
83582
6
119703
9
76820
6
104238
8
58771
4
59053
4
118199
9
78761
6
8395
0
8158
0
111758
8
159531
12
80314
6
158552
12
103442
8
126534
9
52102
4
148856
11
104422
8
149380
11
6779
0
130383
9
150137
11
60417
4
8595
0
8141
0
154772
12
33220
2
56540
4
103484
8
51308
3
90133
7
2546
0
91942
7
75555
5
56127
4
36684
3
155005
11
95158
7
165444
12
75096
5
1768
0
78339
5
41239
3
20248
1
41409
3
55498
4
154317
12
111974
8
77636
6
66562
4
8542
0
66631
5
116058
9
123325
9
64794
5
117003
8
76912
6
56514
4
41093
3
2903
0
107670
8
59867
4
2231
0
157497
12
46861
3
47932
3
101304
7
57578
4
138752
10
65750
5
15797
1
102799
7
65868
5
64356
4
15418
1
117519
9
116476
8
119543
9
133973
10
139206
10
136981
10
66302
5
44367
3
54537
4
118847
9
116406
8
32686
2
111528
8
16838
1
25638
2
45816
3
129787
9
135368
10
136098
10
72326
5
91553
6
130732
10
162995
12
11530
1
143821
10
101084
7
33243
2
138217
10
55721
4
132460
10
153125
11
10446
0
34929
2
116425
9
113520
8
121811
9
85720
6
33929
2
63125
5
85680
6
50125
3
112075
8
34522
2
4026
0
78258
6
24141
1
20813
1
61331
4
100284
7
15236
1
104893
8
166277
12
64482
4
153131
12
110986
8
128807
10
99937
7
24417
2
100934
7
110455
8
158448
12
7463
0
96668
7
60636
4
86389
6
165464
12
18563
1
22680
1
100693
7
139404
11
19183
1
38303
2
163949
12
12941
1
46836
3
115613
8
67993
5
62164
4
152256
11
97648
7
85274
6
121952
9
29456
2
62642
5
45555
3
542
0
72816
5
120710
9
28583
2
94632
7
34926
2
69245
5
36710
2
99943
7
39813
3
498
0
46452
3
48723
3
75846
5
96350
7
11811
0
71811
5
77710
6
53368
4
159747
12
85599
6
140770
11
8107
0
58875
4
44619
3
63095
4
80767
6
76150
5
69134
5
165772
12
1855
0
98346
7
99345
7
48435
3
37852
3
156783
11
138129
10
103399
7
133422
9
33179
2
146197
10
51969
3
158325
11
141433
10
18597
1
93327
7
129422
9
32463
2
8021
0
119051
9
47834
3
105043
8
124539
9
166778
13
19956
1
56276
4
1616
0
52590
3
146413
11
114479
8
1776
0
19735
1
68092
5
145937
11
28416
2
75564
5
149968
11
95216
7
151346
11
162130
12
108899
8
94913
7
75440
5
90505
6
48644
3
39763
3
101961
7
72412
5
54863
4
162777
12
95630
7
5050
0
2688
0
53755
4
86931
6
128580
9
28341
2
26736
2
73533
5
44359
3
64563
4
47977
3
156935
11
55801
4
19631
1
81545
6
25730
1
47986
3
10202
0
77478
6
115714
8
37531
2
47773
3
84300
6
14522
1
27151
2
71827
5
151170
11
100476
7
85797
6
86385
6
124590
9
118643
9
26954
2
75960
5
120284
9
33625
2
33957
2
122145
9
44588
3
102410
7
10849
0
117120
9
140893
10
102424
7
114417
9
163777
12
58047
4
53920
4
15040
1
6211
0
3590
0
64464
4
143378
10
14099
1
124288
9
133493
10
149860
11
64226
4
160018
12
54589
4
94629
7
54080
4
109378
8
44387
3
37030
2
112294
8
121072
9
157102
12
92406
7
26460
2
161146
12
96021
7
18841
1
66004
5
109059
8
69894
5
127758
9
92879
7
164965
12
118619
9
161246
12
70349
5
47799
3
38882
3
140280
10
87561
6
25316
2
9806
0
99206
7
50267
3
48967
3
117681
9
144372
11
139204
10
68413
5
93012
7
36398
2
160408
12
76336
5
30054
2
44231
3
46989
3
71303
5
148628
11
77097
5
164344
12
65610
4
97284
7
838
0
48265
3
150228
11
146739
10
116101
9
58710
4
17758
1
161570
12
38636
2
19563
1
4558
0
700
0
125210
9
117795
9
16399
1
89792
6
77935
5
145808
11
104854
7
16887
1
65289
4
146153
11
11126
0
15060
1
35825
2
114878
8
136244
10
120301
9
125674
9
131468
10
16103
1
81892
6
15456
1
13038
0
8827
0
58991
4
46168
3
60416
4
8138
0
37965
2
104540
8
20548
1
40394
3
114641
8
13694
1
150505
11
36298
2
165880
12
35649
2
42082
3
106810
8
85731
6
151734
11
156502
11
33130
2
19089
1
41064
3
83272
6
17867
1
77694
6
12943
1
129424
10
127679
9
18948
1
54655
4
62828
4
22136
1
145921
11
118875
9
27976
2
166863
12
15597
1
69294
5
106083
7
69111
5
135465
10
59335
4
86241
6
129445
10
77377
6
8277
0
110010
8
126464
9
69947
5
7922
0
163162
12
109659
8
59132
4
41776
3
100854
7
84478
6
35790
2
151149
11
69219
5
88593
6
149047
11
117029
9
157844
11
148617
11
101794
8
78390
6
66370
4
79634
6
30565
2
70234
5
2915
0
146737
11
161558
12
13644
1
124652
9
14935
1
96962
7
21798
1
128067
9
85049
6
116158
8
156145
11
61140
4
150077
11
128259
9
4544
0
154964
11
112326
8
10872
0
65254
5
153662
11
80253
6
114854
8
89923
6
51876
4
162560
12
87557
6
141207
10
107309
7
71648
5
113946
8
148402
11
148096
11
1981
0
156465
11
147138
11
111470
8
41920
3
38435
2
73302
5
107367
8
143352
10
86378
6
12702
0
57596
4
38403
2
101878
8
61723
4
64075
4
67510
5
59128
4
111719
8
107514
8
41383
2
34635
2
64340
4
163619
12
6789
0
28519
2
11140
0
130475
9
101681
7
2092
0
146266
11
58055
4
73383
5
160451
12
18527
1
122132
9
4270
0
16558
1
38460
2
49995
4
129270
9
45740
3
163631
12
26645
1
141609
10
46101
3
43000
3
95786
7
29600
2
113984
8
59737
4
34935
2
4863
0
5499
0
39961
3
76200
5
46351
3
99684
7
127410
9
44670
3
119809
9
56752
4
2056
0
119129
8
1950
0
100140
7
59233
4
166747
12
21587
1
122753
9
150912
11
88179
6
11447
0
18005
1
74568
5
114538
8
156792
11
78708
6
121840
9
80111
6
149329
11
158325
12
95758
7
153045
11
83021
6
67909
5
89939
6
149516
11
146967
11
104624
7
162242
12
40407
2
3720
0
122860
9
148285
11
127494
9
160495
12
47003
3
12873
0
44053
3
11477
0
52226
3
97747
7
64594
4
153026
11
142366
10
134246
10
153554
11
67598
5
126698
9
65524
4
54732
4
23077
1
108122
8
154972
11
151952
11
152462
11
36344
2
44136
3
13157
1
160347
12
45358
3
114244
8
144286
10
137076
10
56618
4
83593
6
122372
9
91738
7
70098
5
146358
11
55193
4
149729
11
89189
6
12952
0
44645
3
152218
11
48338
3
44913
3
161309
11
93524
6
112812
8
119148
9
17360
1
65759
4
136894
10
155629
11
78333
5
70838
5
26502
2
26168
1
51749
3
123475
9
130424
9
145431
10
140839
10
139814
10
98750
7
65267
4
108505
8
85884
6
115774
8
71185
5
101202
7
42550
3
2687
0
97295
7
100532
7
132558
10
79506
5
4245
0
50605
3
99310
7
46732
3
77635
6
146362
11
121639
9
35883
2
67997
5
37608
2
115412
8
124375
9
22744
1
131414
9
920
0
34075
2
149381
11
39281
2
13033
0
38868
2
107684
8
133174
9
106364
8
46567
3
64629
4
46721
3
115530
8
10306
0
72298
5
67322
5
135590
10
119339
9
47652
3
110324
8
97578
7
77810
6
22772
1
103259
8
64323
5
58689
4
7829
0
2560
0
31782
2
32263
2
55322
4
19801
1
40429
3
5423
0
132184
10
115809
9
155243
11
4292
0
94729
7
83499
6
65258
5
59058
4
73161
5
167389
12
1050
0
72880
5
136127
10
28466
2
95503
7
10159
0
78501
6
36931
2
67500
5
61460
4
2462
0
75889
5
167568
12
36393
2
116032
9
91071
6
38545
2
158597
12
114858
8
56469
4
116962
8
83591
6
7786
0
87787
6
90060
6
90393
6
106848
8
67334
5
154790
11
106806
7
137709
10
157433
11
44785
3
49842
3
98044
7
56661
4
90132
6
80442
6
138966
10
64776
4
16491
1
53195
4
151220
11
88794
6
161307
12
21211
1
22597
1
120051
9
58669
4
140776
10
83691
6
9864
0
67042
5
81065
6
84509
6
113160
8
4283
0
121116
9
35754
2
110267
8
81395
6
78612
5
65900
5
31225
2
131961
9
146776
11
146356
11
19178
1
58875
4
13968
1
160582
12
98905
7
117287
9
606
0
153718
11
6990
0
56133
4
31771
2
63158
4
73308
5
162685
12
63467
4
40886
3
95569
7
60704
4
17112
1
74004
5
49555
3
33447
2
17543
1
150570
11
17660
1
35173
2
118886
9
91012
6
75689
5
26612
2
115757
8
87895
7
80168
6
96453
7
88259
6
134500
10
158508
11
109412
8
70368
5
122284
9
142008
10
150673
11
58497
4
104699
8
20275
1
65154
4
140235
10
23989
1
67134
5
157071
12
23583
1
46281
3
45995
3
9686
0
44190
3
580
0
10576
0
75187
5
66353
5
37621
2
115767
8
163190
12
60718
4
17631
1
22407
1
1396
0
74574
5
4947
0
158802
12
134637
10
15434
1
98238
7
131009
10
117054
8
106170
8
100951
7
139050
10
21065
1
118962
8
133074
10
127183
9
10881
0
113101
8
77843
5
30249
2
165842
12
112340
8
116491
8
76962
5
2766
0
59656
4
99978
7
34027
2
63562
5
55673
4
53083
4
53735
4
46774
3
71501
5
85279
6
5584
0
106262
8
134346
10
118623
8
65497
5
19066
1
62369
4
66871
5
115800
9
87959
6
143568
11
61031
4
82633
6
46529
3
141136
10
163220
12
86690
7
44967
3
164685
12
19181
1
154990
11
14473
1
140316
10
57156
4
95165
7
2527
0
123603
9
51095
4
22760
1
37634
2
55768
4
63283
4
121698
9
98603
7
151430
11
135162
10
9767
0
106382
7
3440
0
9018
0
77711
6
105605
7
104316
8
131771
9
10006
0
22798
1
47628
3
146038
10
133404
10
111173
8
30143
2
104376
7
22453
1
8312
0
107037
8
79329
5
92816
7
105630
8
131494
10
60820
4
71201
5
134091
10
68449
5
62797
5
77219
6
148339
11
77020
5
52238
3
13272
1
37251
3
7452
0
136493
10
16731
1
8908
0
19281
1
121841
9
55018
4
28959
2
104243
8
160635
12
110789
8
149093
11
102188
7
142174
10
43883
3
8116
0
149690
11
77136
5
166223
12
81929
6
158649
12
100429
7
159763
12
124817
9
143693
11
65148
5
54951
4
140364
10
120468
9
145729
11
112366
8
145541
11
65425
4
12486
1
162287
12
106806
8
46172
3
125089
9
147849
11
152166
11
22339
1
117283
9
71073
5
4326
0
40763
3
138407
10
62421
4
129975
10
166057
12
30827
2
10265
0
124982
9
92091
7
89080
6
130090
9
102655
7
56477
4
115667
8
62739
4
136087
10
107639
8
157638
11
108409
8
145552
11
80006
6
86750
6
31282
2
154813
11
30448
2
131712
12
64109
4
134631
10
160827
12
162557
12
99757
7
2763
0
118099
8
53689
4
135665
10
138779
10
22061
1
123187
9
74869
5
120342
9
163292
12
90178
7
113960
8
31679
2
60988
5
145115
11
6322
0
110702
8
33691
2
27933
2
32596
2
89921
7
94029
7
92782
7
82651
6
117539
8
160079
12
153684
11
84467
6
91158
7
55872
4
57019
4
147319
11
154064
11
42393
3
69878
5
148240
11
5132
0
20016
1
25677
1
39274
3
96835
7
52124
3
60294
4
9974
0
62411
5
47389
3
156961
12
153070
11
25092
1
148832
11
120283
9
40707
3
65786
5
39304
2
154398
11
37309
2
154508
11
129417
9
100996
7
142620
10
39750
3
43515
3
96782
7
163986
12
28220
2
84715
6
124023
9
30213
2
105734
8
23743
1
94751
7
80753
6
13567
0
49101
3
39874
3
96887
7
153561
11
85440
6
129256
10
60697
4
124944
9
31522
2
17072
1
112946
8
11338
0
29416
2
47584
4
143966
11
133366
10
85148
6
156348
12
148943
11
47892
3
23881
1
6956
0
21177
1
73373
5
122215
9
117594
9
60628
4
106802
8
147856
11
21513
1
35541
2
42030
3
33706
2
109210
8
148598
11
160069
12
2607
0
8344
0
120448
9
107715
8
158779
12
108190
8
64160
5
102321
8
114560
8
80167
6
67881
5
25021
1
81391
6
17806
1
1431
0
80185
6
116791
9
35060
2
60860
4
87846
6
48213
3
131305
9
165437
13
51692
3
114188
9
74927
5
124577
9
58787
4
51008
3
73059
5
14426
1
1611
0
165733
12
32316
2
72338
5
74364
5
102974
8
34247
2
5314
0
150044
12
8935
0
30547
2
122434
9
37119
2
26825
2
103182
7
27919
2
90755
7
113670
8
92190
7
135382
10
69901
5
123573
9
45931
3
48026
3
123777
9
121670
9
131722
10
82067
6
112043
8
95856
7
25286
1
142167
11
139919
10
137422
10
159558
12
74996
5
52006
4
131606
10
108466
8
42411
3
85501
6
149050
11
54875
4
9654
0
135106
10
154595
11
103237
7
13055
1
100124
8
160036
12
124625
9
48002
3
55942
4
126728
9
2343
0
80074
6
100198
7
159060
12
100565
7
98378
7
104546
8
103633
8
61798
4
46441
3
78430
6
41351
3
137097
10
15071
1
84951
6
96361
7
29355
2
143157
11
118450
9
159379
11
160704
12
71452
5
78160
6
99178
7
82083
6
16883
1
109366
8
87789
7
123020
9
23899
1
63180
5
55151
4
37199
2
126517
9
144616
11
17286
1
56252
4
116434
8
72399
5
40870
3
24462
1
20517
1
161469
12
92095
6
35746
2
151589
11
157498
12
130729
9
9521
0
54028
4
67912
5
6886
0
51894
3
106827
8
137046
10
86832
6
114598
8
154581
12
111216
8
1501
0
18915
1
95137
7
91196
7
48329
3
125693
9
22349
1
135874
10
1748
0
33529
2
79532
6
1818
0
138098
10
49904
4
27082
2
134274
9
49073
3
153150
11
68207
5
110640
8
166086
12
152711
11
14129
1
72758
5
134785
10
137681
10
86041
6
98818
7
100596
7
114575
8
91195
7
139317
10
89281
7
106378
8
148799
11
142566
11
151130
11
153188
12
84415
6
114167
9
29787
2
34559
2
83713
6
7519
0
87940
6
167152
13
58298
4
94076
7
149547
11
8963
0
108365
8
118596
8
141638
11
54643
3
51476
4
163375
12
12004
0
14199
1
56916
4
91994
7
120522
9
116136
9
137533
10
56408
4
43831
3
144304
11
38703
2
27270
2
124715
9
161634
12
26376
2
39277
3
132054
10
64555
4
120235
9
71835
5
95397
7
148524
11
87961
6
132924
10
142746
11
67568
5
13345
1
80769
6
72623
6
86852
6
88736
7
78505
6
66203
5
135172
10
37562
2
38197
2
41141
3
73402
6
19869
1
164797
12
51143
4
76761
5
51569
4
161692
12
72952
5
52867
4
58798
4
21639
1
78908
6
58958
4
15105
1
86638
6
129415
10
158949
12
163919
12
73310
5
32943
2
160382
12
93379
7
4167
0
92765
7
84511
6
106693
8
42679
3
54442
4
64352
4
23269
1
162895
12
8693
0
68840
5
39293
3
79485
6
79238
6
19176
1
166233
12
135244
10
151582
11
142738
10
22296
1
128490
10
139434
10
43167
3
87668
6
43901
3
51598
4
5367
0
118570
8
85639
6
7509
0
136563
10
119377
9
26007
1
120496
9
32507
2
166631
12
81559
6
104473
8
39021
3
93709
7
68328
5
61205
4
27018
2
164301
12
69458
5
128720
9
76611
6
81322
6
1525
0
72164
5
135068
10
160164
12
19592
1
19412
1
18291
1
91922
7
164677
12
37664
3
68444
5
23524
1
154640
12
138231
10
129825
10
20487
1
165989
12
64393
4
29638
2
38095
3
13889
1
138768
10
121552
9
141769
10
137795
10
55957
4
93362
7
108019
8
20282
1
62741
5
80640
6
107423
8
18964
1
166404
12
71707
5
70700
5
35386
2
38824
2
157136
12
140136
10
64783
4
75169
5
43965
3
26058
2
56338
4
83080
6
14781
1
157468
12
6713
0
85277
6
65946
5
12858
1
109152
8
34236
2
104618
7
53362
3
131816
10
118552
9
6280
0
119935
9
33361
2
53047
4
149228
11
25589
1
153636
12
165605
12
23546
1
42121
3
39679
3
57035
4
49544
3
83412
6
37483
2
112309
9
122623
9
94173
7
57734
4
117064
9
28264
2
144287
11
158561
12
63508
5
49472
4
26393
2
109646
8
51486
4
126510
9
47351
3
119796
9
3747
0
117110
9
66821
4
36195
2
35482
3
160309
12
2907
0
162518
12
122932
9
740
0
123758
9
3613
0
12500
0
78443
6
80544
6
93198
7
4184
0
82848
6
122110
9
83997
6
27445
2
45811
3
40643
3
156959
11
74670
5
5619
0
23733
1
49454
3
138548
10
79481
5
109742
8
24820
1
78607
6
16038
1
128171
10
121972
9
19793
1
43053
3
118880
9
94953
7
138399
10
118569
9
20292
1
125408
9
144878
10
51486
4
131647
10
42129
3
83059
6
122788
9
59667
4
115121
8
23272
1
143536
11
24835
1
114822
8
71653
5
64262
4
25149
1
122924
9
84566
6
1158
0
3834
0
137637
10
103689
7
8590
0
131903
9
20925
1
41154
3
110979
8
98885
7
110409
8
18039
1
96114
7
74147
6
151125
11
96700
7
68513
5
107867
8
120791
8
117884
9
7202
0
66173
4
44354
3
93966
7
7408
0
43068
3
8649
0
147019
11
129916
9
71498
5
101934
8
124674
9
134497
10
138403
10
135641
10
61984
4
166422
13
21749
1
156314
12
96118
7
101576
7
166007
12
6881
0
26626
2
25804
2
5775
0
48016
3
52766
3
115560
8
120494
9
32897
2
16825
1
22382
1
153123
11
32726
2
61976
5
101075
7
86045
6
143825
10
95935
7
20781
1
152838
12
161519
12
3179
0
31983
2
72848
5
112181
8
5819
0
126749
9
55350
4
105959
8
56363
4
135161
10
123746
9
141154
11
99105
7
166536
13
57774
4
92100
7
59816
4
147143
11
117681
8
133749
10
27167
2
140013
10
41010
3
43317
3
164717
12
10453
0
876
0
162245
12
30384
2
124970
9
158237
12
86604
6
92596
7
86944
6
125210
9
50807
3
35275
2
36414
2
29095
2
86068
6
148954
11
130277
9
18156
1
110329
8
119207
9
47271
3
133401
10
106140
8
147503
11
156071
11
101764
8
75503
5
34913
2
159057
12
121429
9
46150
3
16140
1
51470
3
131642
10
34784
2
42298
3
47849
3
108504
8
38440
2
165482
12
56958
4
58693
4
165718
13
118176
9
62830
4
46285
3
164366
12
66126
4
29283
2
57529
4
19975
1
59568
4
148144
11
26205
2
107806
8
32039
2
148745
11
88672
7
87655
6
53393
4
46561
3
105424
8
101339
8
110345
8
153119
12
83944
6
143606
11
72023
5
98651
7
157724
12
38139
3
155899
11
72869
5
72202
5
162292
12
133880
10
71027
5
4492
0
8581
0
32953
2
42334
3
152528
12
9797
0
155679
12
161256
12
32156
2
87320
6
31432
2
42161
3
106487
8
58323
4
63865
4
114399
8
109616
8
133211
10
114425
8
56637
4
124777
9
20485
1
41455
3
156953
11
53291
4
26936
2
6622
0
150862
12
151543
12
14325
1
94493
7
160288
12
128186
9
89308
6
34835
2
52091
4
136288
10
71368
5
145887
11
50264
3
104676
8
149668
11
165297
12
138683
10
48929
3
141816
11
106277
8
86709
6
70776
5
78043
5
49064
3
22986
1
33637
2
147805
11
36524
2
159298
11
53343
4
9295
0
87949
7
28425
2
93146
7
45046
3
66154
5
71827
5
10325
0
110897
8
159456
12
60938
4
21871
1
127578
9
65692
4
48952
3
91040
7
135101
10
97342
7
110029
8
6444
0
48694
3
21282
1
101250
7
57262
4
106083
8
107261
8
126563
9
8100
0
104408
8
84855
6
75431
5
77174
5
68897
5
98711
7
76461
5
119851
9
166659
12
137862
10
98443
7
12474
0
146673
11
137052
10
83430
6
11819
0
74101
5
49838
3
109730
8
9627
0
158080
12
159743
12
164022
12
89235
6
149169
11
9050
0
42575
3
32628
2
55640
4
16199
1
38866
3
37733
2
145472
10
148355
11
24371
1
75011
5
15660
1
117151
9
14282
1
51293
3
84959
6
148041
11
163911
12
165168
12
114455
8
19563
1
71209
5
97780
7
80650
6
69763
5
39676
2
160721
12
110033
8
99129
7
54717
4
143052
11
100280
7
70992
5
153595
11
55342
4
70950
5
40585
2
158124
12
22577
1
126654
9
79636
6
159673
12
157197
12
159957
12
80244
6
95587
7
115377
9
46881
3
111965
8
37940
3
100326
7
53208
4
131757
10
89153
6
42762
3
88327
6
35228
2
69397
5
17874
1
86255
6
141516
11
123125
9
92802
7
64939
5
166801
12
80297
6
167228
13
140280
10
92712
7
102821
8
49104
3
14262
1
59025
4
123764
9
1794
0
28068
2
110123
8
141162
11
54826
4
83568
6
24644
1
133512
10
123011
9
84378
6
46356
3
54384
4
33357
2
91802
7
41136
3
146143
11
116576
9
28450
2
158811
12
133410
9
14410
1
77909
6
130969
9
47228
3
51705
4
26008
1
106574
8
92788
7
101368
7
165889
12
27878
2
109965
8
128595
9
39957
3
47693
3
105305
8
97991
7
166718
13
90507
7
83299
6
133820
10
104731
8
10229
0
19587
1
44939
3
105805
8
66393
5
17411
1
60354
4
77112
5
12178
1
146987
11
130833
10
120671
9
18230
1
133093
10
50821
3
94573
7
93637
7
122904
9
79623
5
148817
11
3077
0
124630
9
29814
2
32158
2
150660
11
9852
0
57302
4
141359
11
68203
5
144478
11
90839
7
28636
2
165513
12
17846
1
8577
0
58521
4
18639
1
83014
6
102075
7
39063
2
161806
12
138167
10
123413
9
149942
11
96188
7
43711
3
138934
10
135476
10
51260
3
130908
10
26009
1
96570
7
124906
10
133107
10
153994
11
64350
5
113028
8
161412
12
98123
7
127796
9
154606
12
43391
3
167394
12
69046
5
53192
3
110653
8
104639
7
7844
0
109474
8
127525
9
91694
7
79084
5
137361
10
149020
11
46751
3
133540
10
131889
10
155365
12
104503
7
157583
12
161516
12
41952
3
73770
5
147770
11
133658
10
79260
6
66562
4
44540
3
37753
2
18658
1
7668
0
144639
11
66740
5
81283
6
37625
2
15113
1
32000
2
122816
9
68826
5
145285
11
134447
10
65341
4
50892
3
11462
0
45657
3
149438
11
117634
9
20281
1
35494
2
84623
6
2153
0
116825
9
138681
11
32538
2
114205
8
144057
11
68804
5
15513
1
46409
3
132839
9
32443
2
64137
4
35539
2
28260
2
78685
5
85989
6
88722
6
151181
11
74926
5
79475
6
3630
0
98833
7
38968
2
33468
2
155883
11
88443
6
86804
6
86365
6
36096
2
47849
3
108728
8
6505
0
44835
3
112247
8
89731
6
103177
7
74783
5
4578
0
131812
10
71038
5
10205
0
40950
3
83810
6
128563
10
23012
1
13085
1
120966
9
159385
12
105142
8
96428
7
121882
9
66123
5
88234
6
97397
7
110518
8
127946
10
144584
11
108933
8
71950
5
80715
6
47535
3
160456
12
104994
7
47347
3
38672
3
118759
9
110279
8
51748
3
118507
8
156319
11
31592
2
81557
6
44640
3
130071
9
88871
6
88160
6
85302
6
64326
4
140985
10
90601
6
158407
12
94493
7
139735
10
164694
12
1547
0
44900
3
36066
2
83723
6
87221
6
161750
12
135866
10
30715
2
8667
0
55918
4
80412
6
97032
7
152319
11
21846
1
43048
3
30204
2
148606
11
95917
7
44797
3
58631
4
13778
1
78631
6
126168
9
73657
5
7875
0
162220
12
25910
1
143384
10
110785
8
16156
1
154248
11
63139
4
131435
9
115148
8
50652
3
80130
6
86552
6
99573
7
97156
7
85598
6
99778
7
79307
5
119012
8
115480
8
29056
2
53588
4
7181
0
29133
2
15289
1
136950
10
47719
3
31486
2
5801
0
67821
5
13006
1
6608
0
56981
4
9407
0
105198
8
2507
0
59727
4
124027
9
139301
10
111692
8
69635
5
23847
1
162895
12
14981
1
115818
8
162584
12
87049
6
15417
1
90067
6
123313
9
128257
9
63933
4
37436
2
14555
1
111924
8
134324
10
25169
1
65942
5
33340
2
10294
0
165702
12
130797
9
1249
0
9191
0
29496
2
43019
3
145754
11
4125
0
107377
8
16770
1
7839
0
167085
12
123472
9
28381
2
150342
11
30310
2
123727
9
136469
10
36473
2
24822
1
161928
12
166151
12
146282
10
124764
9
164499
12
48429
3
99833
7
130894
10
91878
6
125029
9
156495
11
167568
12
7704
0
17763
1
2492
0
18760
1
106293
8
84088
6
167274
12
85883
6
61914
4
24858
1
132867
10
51728
3
54992
4
60155
5
162963
13
63447
4
116112
9
33405
2
18263
1
40064
2
23436
1
93387
7
82798
6
22539
1
128222
9
32081
2
139731
10
116589
8
92235
6
60823
4
23862
1
92994
6
147217
11
110305
8
66049
5
15311
1
80856
6
58883
4
119326
9
149731
11
122408
9
95666
7
143008
10
58596
4
33183
2
113806
8
70132
5
98077
7
63495
4
144224
10
119475
9
115669
8
55628
4
38464
3
7340
0
163837
12
43227
3
138004
10
167273
12
64501
4
36230
2
148684
11
162073
12
36075
2
153760
11
12665
1
78333
5
29008
2
75134
5
87197
6
140374
10
117273
8
64442
5
58890
4
7890
0
114500
8
138782
10
1280
0
20337
1
95232
7
143988
10
21201
1
75094
5
159714
12
43877
3
59350
4
97030
7
66832
5
40036
3
164988
12
17927
1
154977
11
111326
8
67909
5
109594
8
154823
11
607
0
123194
9
158926
12
96074
7
72018
5
17013
1
13467
1
122584
9
162659
12
161312
12
13553
1
125822
9
125621
9
127315
9
151845
11
51688
3
16601
1
160263
12
131603
10
129062
9
69596
5
56786
4
16776
1
29574
2
94572
7
112851
8
166549
12
60958
4
12032
0
150043
11
40019
2
80547
6
37134
2
6551
0
160312
12
155685
11
48857
3
43451
3
47704
3
28391
2
47177
3
151595
11
142710
10
153277
11
115323
8
119003
9
134267
10
88985
6
93494
7
128730
9
112845
8
84847
6
122743
9
117792
8
125013
9
96533
7
100874
7
103616
7
167579
12
117456
8
154373
11
65376
5
82908
6
5285
0
93419
7
76889
5
90030
7
15291
1
70947
5
157704
11
40193
3
71933
5
22288
1
25705
1
91930
7
68749
5
66221
4
17329
1
57782
4
39205
3
113108
8
113998
8
36008
2
74632
5
937
0
102892
7
112794
8
156908
11
12178
0
59672
4
28522
2
19870
1
7476
0
87887
6
82349
6
145671
10
134314
10
51872
3
64355
4
115223
8
121644
9
101146
7
53541
3
93061
7
109025
8
68923
5
54660
4
48779
3
43148
3
71819
5
35763
2
49586
3
141305
10
123965
9
136042
10
17326
1
125303
9
57120
4
146445
11
77084
5
159416
12
128926
9
27238
2
108548
8
103837
7
161995
12
76621
5
10245
0
78516
5
150406
11
87978
6
50336
3
69598
5
141354
10
31720
2
72632
5
151324
11
133703
10
3102
0
78852
6
119605
8
147534
11
4189
0
111227
8
96582
7
19899
1
9441
0
31309
2
167622
12
67388
5
134170
10
12283
1
110366
8
166453
12
115406
8
139499
10
93136
6
166011
12
123392
9
160481
12
98756
7
139612
10
12689
0
50130
3
143206
10
69207
5
29309
2
135784
10
74326
5
71240
5
103888
7
104256
7
51723
4
92679
7
137908
10
28585
2
50004
3
105599
8
162925
12
144330
11
115499
8
130953
9
91837
7
155825
11
146909
11
99932
7
6984
0
144670
11
86481
6
22974
1
115137
8
73090
5
66309
5
96336
7
159703
12
140493
10
133703
9
78181
6
118367
8
30437
2
93626
7
162208
12
95663
7
19843
1
134828
10
154502
11
79737
6
77509
5
125315
9
83098
6
101752
7
26321
2
81336
6
166454
13
77416
5
128052
9
144435
10
117109
8
91588
7
138527
10
145678
11
106577
8
90724
7
15578
1
6979
0
48003
3
154199
11
76667
5
51415
3
47231
3
132485
9
44499
3
139344
10
129605
9
139921
10
10062
0
51389
3
148757
11
76653
6
163116
12
91549
7
146616
11
140074
10
69464
5
40262
3
135784
10
103950
8
35823
2
45748
4
134240
14
134686
13
30669
5
82220
6
1965
0
60899
4
79866
6
95284
7
46480
3
146167
11
12624
3
10084
0
45772
4
149832
16
20233
1
130872
14
24260
1
13938
1
23488
2
51080
4
120848
9
99776
8
22400
1
120611
10
133562
10
26155
2
119845
9
120635
10
45828
3
105988
9
142940
11
31643
3
113229
9
154524
13
71510
5
62041
6
92870
7
69588
6
131549
10
139398
12
87539
7
154698
13
56718
5
111477
9
58906
5
82199
6
90210
7
163615
13
106128
9
156454
13
165097
13
86137
7
113534
10
111100
8
89131
8
11678
0
98408
7
15391
1
150169
12
89858
7
121995
9
8336
0
57284
4
137724
11
52468
4
85109
7
57427
4
133505
11
85847
6
109661
9
115761
8
95020
8
109945
8
18925
1
57366
5
151335
11
13053
1
70682
5
39970
2
13690
1
125832
10
35492
2
153001
12
131676
10
95441
8
144241
11
29904
2
32718
2
103825
7
45071
4
15187
1
162228
12
32258
3
100452
7
26271
2
84969
7
95808
7
26034
1
12206
0
110148
9
105292
8
153027
12
100769
8
94948
7
141457
11
152862
13
53500
3
9861
0
67694
5
80930
7
130480
11
60738
4
120204
10
128226
10
99674
9
129262
10
43588
3
82721
6
35028
2
122503
12
137826
12
95668
7
129858
10
29078
2
65035
6
112587
12
31966
3
86415
10
61051
4
117720
9
28913
2
143280
11
35877
2
89379
6
52895
4
37844
3
11947
0
75759
5
37313
2
65690
5
158337
11
102219
43
60272
15
155547
27
155304
19
163221
14
28998
2
110790
8
33822
3
152013
11
25900
2
45269
3
160656
12
22418
1
24775
1
63460
5
15310
1
91835
7
163894
12
66178
5
78543
6
47631
3
28679
2
47019
3
139351
11
142063
10
85595
6
152156
13
15527
1
18509
1
63738
5
98256
7
105752
8
153226
12
12938
1
58680
4
65689
5
60697
4
17764
1
140468
10
151225
11
131510
9
79782
6
20182
1
138860
10
166099
12
152374
12
73340
5
64732
5
6199
0
53014
4
86191
6
18334
1
51640
3
53009
3
16023
1
26946
1
10535
0
22557
1
54870
4
41457
3
90436
6
162802
12
4682
0
29417
2
19150
1
87135
6
85469
6
33389
2
108266
8
123795
9
116081
8
92427
7
79057
6
31157
2
18261
1
120532
9
77943
5
166166
12
17557
1
16102
1
10217
0
140347
10
80376
6
154365
11
9729
0
28876
2
63920
4
107804
8
84225
6
113665
8
62884
4
40917
3
17693
1
98889
7
133976
10
166113
12
140830
10
83893
6
5848
0
157138
11
29779
2
61917
4
151405
11
10199
0
155169
11
55626
4
3479
0
45773
3
144726
10
49155
3
59895
4
67118
5
107826
8
51346
3
134967
10
60870
4
48523
3
3742
0
127510
9
71061
5
153746
11
162295
12
150363
11
155926
11
76054
5
117028
8
115194
8
76268
5
40214
3
64371
5
129932
9
140410
10
10577
0
154726
11
51465
3
40557
3
116496
9
90479
6
46599
3
28381
2
151542
11
121005
9
30769
2
150245
11
84709
6
71000
5
14220
1
46721
3
24173
1
94519
7
23321
1
152173
11
23031
1
145524
11
26467
2
31919
2
44504
3
76669
5
141209
10
150892
11
68054
5
134902
10
139147
10
43696
3
143683
11
103945
7
154113
11
36067
2
80697
6
37180
2
153961
11
36117
2
66784
5
1745
0
133341
10
147335
11
84263
6
72745
5
62876
4
21298
1
96168
7
18432
1
23456
1
142627
10
7659
0
49717
3
8176
0
60237
4
62693
4
121395
9
78476
6
163267
12
38048
3
52921
3
41323
3
27907
2
80934
6
79879
6
149668
11
16511
1
152628
11
123470
9
122307
9
78065
5
52062
3
69070
5
96962
7
151863
11
130677
9
16507
1
89140
6
105778
8
43556
3
65250
4
58312
4
18210
1
99336
7
82664
6
53360
4
45727
3
2579
0
8785
0
38085
2
159807
12
73448
5
33807
2
94077
7
17420
1
163902
12
163323
12
115822
8
98719
7
95266
7
141762
10
40913
3
161024
12
147854
11
63566
4
109702
8
259
0
50696
3
97621
7
73519
5
1652
0
8010
0
118557
9
50627
3
144272
11
121113
9
112173
8
87575
6
102909
7
28479
2
27306
1
111959
8
85155
6
25892
1
67915
5
145991
10
124306
9
117453
8
114706
8
51927
3
76366
5
75696
5
38528
2
64050
5
96125
7
70971
5
116938
10
41629
3
15680
1
116126
9
50145
4
74575
5
15943
1
72286
6
166584
13
109816
8
59072
4
42333
3
12165
0
86665
6
87224
7
141442
11
61514
4
138632
10
155632
11
27776
2
45342
3
75642
6
142731
11
96730
7
102957
7
114450
8
43104
3
31255
2
135173
10
109518
8
83990
6
6215
0
40022
3
111082
8
65194
4
129185
9
162323
12
93329
7
139138
11
164869
12
19072
1
127258
9
92397
7
124669
9
104554
8
50764
3
76895
6
136785
10
14905
1
166247
12
49502
3
131161
10
148716
11
121285
9
143122
10
28575
2
79128
6
132913
10
122888
9
98386
7
139073
10
127276
9
153782
11
124163
9
119658
9
102964
7
157138
11
66562
5
5437
0
138848
10
46394
3
91784
6
58858
4
86024
7
4954
0
52260
3
92750
7
44910
3
19787
1
107177
8
146597
11
13830
1
78153
5
29967
2
146671
11
114854
8
115022
8
146460
11
77667
5
11847
0
83250
6
149786
11
136255
10
34745
2
123559
9
121405
9
57867
4
101029
7
38780
2
2065
0
160122
12
1768
0
133604
10
103865
7
2434
0
88408
6
152449
11
63351
4
26314
2
96330
7
42807
3
44368
3
32135
2
14593
1
26345
2
58723
4
82182
6
73395
5
25047
1
19151
1
26628
2
36727
3
31837
2
5599
0
69216
5
149844
11
122229
9
134359
10
9694
0
53480
4
106524
8
101016
8
13579
1
98115
7
39226
3
23737
1
36457
2
90388
6
44855
3
73769
5
102994
7
25401
1
67643
5
16960
1
20933
1
68517
5
122421
9
14528
1
4839
0
108273
8
25211
2
150128
11
48896
3
123102
9
73426
5
68471
5
101265
7
1164
0
72129
5
94892
7
81919
6
32021
2
70250
5
163426
12
92166
7
92003
7
117893
9
28370
2
41389
3
64887
4
160416
12
128301
9
143414
10
71131
5
73170
5
119473
9
128036
9
128861
10
109991
8
100764
7
104322
8
121270
9
148968
11
160063
11
31327
2
97432
7
48301
3
89485
7
152742
11
54758
4
14785
1
25868
1
53918
4
51015
3
74305
5
13647
1
89251
6
79077
6
141774
11
108672
8
15077
1
77521
6
112780
8
54354
4
122215
9
40015
3
79960
6
18067
1
44134
3
10256
0
111706
8
53809
4
3096
0
156217
12
120311
9
142144
10
97928
7
4568
0
118235
8
4325
0
70926
5
153783
11
147823
11
154329
11
66513
4
82576
6
43683
3
15839
1
45679
3
94789
7
56585
4
25270
1
127247
9
74583
5
5820
0
49572
3
149519
11
159397
12
38451
2
16238
1
129083
9
46061
3
67711
5
50081
3
143995
10
109123
8
148411
11
32936
2
50995
3
72201
5
147854
11
38177
2
39552
2
84228
6
149073
11
15133
1
18129
1
118481
9
15420
1
154104
11
36788
2
90833
6
139173
10
136233
11
160887
12
107896
8
6412
0
4637
0
25633
1
124336
9
140244
10
120031
9
96741
7
156242
12
87438
7
29789
2
89646
7
10433
0
48189
4
46331
3
45831
3
121125
9
149018
11
72481
5
93319
7
135260
9
54506
4
146569
10
58448
4
37608
2
167687
12
146928
10
948
0
113048
8
72838
5
4401
0
1742
0
77100
5
27120
2
125792
9
51023
4
27515
2
155672
11
17462
1
2945
0
37237
2
72103
5
158523
12
38922
2
56617
4
80285
6
90852
6
117876
9
74784
5
101253
7
553
0
151428
11
60172
4
71930
5
23688
1
105412
7
35525
2
143683
11
48693
3
119290
9
148158
11
115790
8
166079
12
152231
11
5434
0
124785
9
8027
0
150348
11
86119
6
96263
7
163597
12
149845
11
12896
1
68304
5
27528
2
24924
1
135664
10
108706
8
154054
11
143554
10
138881
10
15140
1
17131
1
61286
4
98442
7
118695
8
94431
7
112133
8
96419
7
105371
8
71096
5
157061
11
99
0
60664
4
28716
2
13949
1
159069
12
130113
9
104371
7
152797
11
152235
11
33999
2
17011
1
133622
10
18788
1
79751
6
117747
8
68303
5
158800
11
159978
12
20995
1
76488
5
18376
1
129876
9
5172
0
70600
5
149485
11
76767
5
113337
8
124675
9
5843
0
46056
3
37821
2
69613
5
126870
9
86686
6
20665
1
146885
11
75043
5
92343
6
39445
3
24292
1
145505
10
76747
5
43710
3
40129
3
121254
9
66029
4
34813
2
161981
12
95767
7
98484
7
70766
5
43806
3
148972
11
104473
7
28166
2
94654
7
103877
8
59714
4
103005
7
117594
8
146580
11
121737
9
9769
0
74098
5
31044
2
154253
12
45475
3
127375
9
75090
5
116887
9
157523
11
75784
5
59891
4
139546
10
61758
4
10592
0
1194
0
49487
3
140233
11
164635
12
111195
8
12714
1
21834
1
37189
2
20121
1
106835
8
28313
2
100700
8
15401
1
45712
3
20023
1
111642
8
93044
7
120326
9
1627
0
113778
8
107662
8
6136
0
87211
6
75210
5
62205
4
153918
11
63070
4
109031
8
30903
2
114331
8
88800
6
24783
1
71403
5
134688
10
114726
8
84098
6
67000
5
155505
11
158640
11
127114
9
54529
4
135466
10
60018
4
12950
1
40379
3
106322
8
120008
8
11668
0
109588
8
97328
7
153705
11
96831
7
113387
8
132167
10
48529
3
16184
1
106806
7
68206
5
153146
11
74336
5
102892
7
155616
11
157677
11
78684
6
140538
10
116753
8
42082
3
92128
7
30309
2
145920
11
49469
3
77621
5
37278
2
98326
7
79318
5
105694
8
95046
7
117555
8
27661
2
81320
6
161456
12
58987
4
117393
8
73576
5
43429
3
49887
3
110379
8
46488
3
39016
3
42548
3
77765
5
12384
0
82416
6
45209
3
113873
8
91758
6
62903
4
27699
2
35268
2
32081
2
147698
11
49313
3
92686
6
35328
2
148987
11
139623
10
65402
4
27450
2
100579
8
15665
1
107538
8
39550
3
55980
4
29986
2
161968
12
70786
5
118023
8
59173
4
59954
4
133338
10
379
0
1315
0
128384
9
66536
5
4453
0
80575
6
142329
10
135791
10
157857
12
90777
7
78249
6
75867
5
65424
5
18064
1
11432
0
57831
4
39874
3
6065
0
36002
2
70985
5
55445
4
162232
12
28728
2
64632
5
46099
3
66002
5
67656
5
70951
5
39580
3
66088
5
155396
11
146802
11
74325
5
161289
12
118307
9
107052
8
20552
1
28979
2
91446
6
131414
10
75922
5
57941
4
77611
5
94743
7
9200
0
133955
10
157092
12
16382
1
146920
11
69022
5
140811
10
97478
7
16597
1
9717
0
61219
4
133905
10
26856
2
61782
4
137087
10
44786
3
103114
8
158619
12
55127
4
122628
9
31310
2
101917
7
100728
7
48969
3
137824
10
108294
8
147920
11
110482
8
45747
3
143561
11
55015
4
72517
5
83386
6
55614
4
61830
4
26300
1
159881
12
150166
11
115688
8
42209
3
62690
4
158705
12
55384
3
3749
0
45584
3
156416
12
23577
1
1001
0
132139
10
94155
7
111705
8
160999
12
104524
8
62011
4
93246
7
148876
11
74053
5
80402
6
6650
0
20234
1
33832
2
151232
11
80866
6
116554
9
60571
4
155374
12
72533
5
122012
9
26451
2
152785
11
33971
2
3232
0
16513
1
80774
6
162099
12
83452
6
154309
11
162016
12
100363
7
19996
1
149001
11
49916
3
73000
5
37241
2
94556
7
145907
11
87345
6
121740
9
54455
4
144674
11
147977
11
86221
6
4932
0
134657
10
47276
3
51085
4
55931
4
85911
6
114755
8
159095
12
98122
7
30727
2
19925
1
49903
4
22499
1
22076
1
128246
9
4721
0
108136
8
146255
11
53099
4
126995
9
104234
8
107755
8
15898
1
147497
11
167550
12
109570
8
144462
11
60289
4
100514
7
112362
8
16974
1
126156
9
82586
6
54342
4
70546
5
57123
4
38152
3
8242
0
91235
7
44363
3
77959
6
58647
4
58443
4
54621
4
47954
3
121557
9
52421
4
1333
0
151857
11
79792
6
124240
9
85686
6
119247
9
142912
10
58476
4
155387
11
75975
5
108736
8
154246
11
74264
5
147554
11
104084
7
68335
5
44623
3
115433
8
161325
12
22041
1
32240
2
57296
4
140111
10
146389
11
94307
7
7181
0
165803
12
148990
11
56794
4
157950
12
91024
7
65849
5
147920
11
115547
8
41944
3
67964
5
48984
3
21582
1
34158
2
67936
5
82653
6
33843
2
151682
12
111407
8
4880
0
149274
11
61059
4
167044
12
42151
3
119468
9
134145
10
60920
4
152131
11
50257
3
99125
7
156799
11
116334
8
166925
12
130456
9
105900
8
134768
10
122621
9
153714
11
123666
9
98277
7
36541
2
38998
3
145720
11
164926
12
49714
3
164022
12
106168
8
7811
0
143176
11
101997
7
21103
1
129440
9
27567
2
156395
11
58286
4
114809
8
85419
6
164799
12
146355
10
147032
11
59426
4
22891
1
154935
11
331
0
12998
0
33776
2
157256
11
147213
11
11635
0
132652
10
100287
7
8695
0
57507
4
48079
3
88333
6
126057
9
4249
0
117290
9
52518
4
34987
2
141106
10
34142
2
27622
2
85134
6
21400
1
44255
3
30926
2
10011
0
17343
1
125564
9
131570
10
35904
2
53317
4
32014
2
104432
8
126662
9
71234
5
85940
6
95006
7
16544
1
133827
10
117114
9
100562
7
129861
9
49399
3
8036
0
80394
6
108929
8
144500
11
85599
6
152208
11
50697
3
109706
8
111505
8
163015
12
25317
1
155359
11
137749
10
82898
6
26638
2
38051
2
130574
9
18080
1
166753
12
144297
11
48968
3
11809
0
113884
8
159188
12
19699
1
157322
12
28597
2
4507
0
77262
6
30803
2
53254
4
53114
3
111781
8
64047
4
142048
11
29284
2
16567
1
157538
12
160430
12
17782
1
56830
4
153534
11
55472
4
128646
9
33430
2
69724
5
73482
5
104892
8
75470
5
105374
8
36934
2
118849
8
80003
6
159941
12
93548
7
73634
5
27441
2
58314
4
43432
3
82322
6
127896
9
20485
1
160910
12
124773
9
144701
11
49649
3
34927
2
64851
4
106726
8
36645
2
13328
1
76637
5
141211
10
160260
12
71067
5
163451
12
2187
0
143522
10
130964
10
128786
10
161544
12
24798
1
114820
8
59511
4
147839
11
78772
6
164986
12
104536
8
36771
2
121571
9
53998
4
149941
11
59071
4
27434
2
64950
4
148064
11
131396
10
29224
2
115275
8
76754
5
43183
3
66499
5
136504
10
40618
3
158950
12
108994
8
6957
0
126620
9
79386
6
160148
12
2088
0
93709
7
49715
4
114831
8
100890
7
19495
1
151374
11
124877
9
133649
10
130666
10
97663
7
46787
3
110259
8
145738
11
78166
5
88104
7
84314
6
163701
12
822
0
140142
10
160606
12
117058
9
23004
1
120141
9
21668
1
46956
3
52334
3
35139
2
45212
3
9747
0
112551
8
52627
3
126844
9
4789
0
79325
6
116642
9
38008
2
31202
2
9372
0
94786
7
50506
3
109657
8
14439
1
20420
1
58254
4
59928
4
82631
6
149247
11
55111
4
58850
4
165527
12
122611
9
149735
11
37095
2
2796
0
2465
0
92884
7
25030
2
94175
7
36591
2
149664
11
152743
11
123480
9
162640
12
125870
9
110968
8
103977
7
113532
8
154551
11
90509
6
45381
3
135913
10
130312
10
133307
10
161474
12
100025
7
148914
11
107606
8
10979
0
23671
1
25996
1
99102
7
68439
5
158009
11
37897
2
59480
4
71009
5
115561
8
40245
3
76034
5
20485
1
114077
8
62400
4
158717
11
161847
12
31144
2
149076
11
68145
5
8174
0
69385
5
38890
2
86998
6
74497
5
28911
2
110470
8
158930
11
77038
5
114780
8
75052
5
75608
5
64687
4
50046
3
74159
5
69353
5
88053
6
51832
4
26573
2
114917
8
90119
6
154035
11
4569
0
46697
3
110196
8
107319
8
158491
12
148459
11
95589
7
145771
11
27026
2
57916
4
64470
5
69041
5
10165
0
118892
9
44617
3
77717
6
24566
1
144172
10
120131
9
18358
1
30427
2
35348
2
55460
4
59650
4
157460
11
72875
5
116781
8
87925
6
69677
5
53097
3
126426
9
34531
2
158093
12
153482
11
159357
11
164712
12
125713
9
89008
6
157089
11
26713
1
2050
0
151588
11
138281
10
149302
11
103068
7
77536
5
6580
0
150851
11
162381
12
52901
3
150607
11
48863
3
71855
5
54017
3
121267
9
165747
12
54559
4
55355
4
10073
0
77084
5
147314
11
140078
10
56538
4
117613
8
57863
4
78550
6
127155
9
133946
10
135261
10
43758
3
155327
11
43687
3
57265
4
24703
1
77838
5
163757
12
73412
5
44273
3
156493
11
58842
4
60968
4
146471
11
153337
11
33151
2
6346
0
8989
0
31804
2
51840
3
5253
0
70001
5
153647
11
26814
2
114773
8
139461
10
122110
9
32842
2
104186
8
149007
11
24397
1
46833
3
45204
3
80573
6
52513
3
59968
4
106836
8
158733
12
36085
2
154325
11
59976
4
61341
4
96490
7
86668
6
95623
7
128242
9
142403
10
83821
6
102844
8
44946
3
127951
9
82009
6
114671
8
3155
0
94821
7
21540
1
156297
12
19590
1
22041
1
55264
4
159018
12
99588
7
76336
6
36952
2
53799
4
151875
11
20200
1
87211
6
111428
8
140911
11
65628
4
124710
9
119727
9
16349
1
113901
8
96574
7
35017
2
71534
5
13638
1
155789
11
166708
12
9302
0
4004
0
60682
4
137216
10
109287
8
120407
9
110671
8
153235
11
59513
4
93128
7
8862
0
116731
8
25774
2
28495
2
70275
5
134350
10
81800
6
2565
0
83453
6
60549
4
22903
1
22117
1
123330
9
5448
0
48860
3
115405
9
100073
7
74291
5
15863
1
43581
3
166750
12
56129
4
120606
9
97460
7
25155
1
15649
1
23322
1
68719
5
94334
7
89237
6
99834
7
47770
3
135749
10
21989
1
38210
3
77586
5
11346
0
154796
11
14670
1
156975
11
10412
0
124744
9
83788
6
39871
2
46568
3
101536
7
52834
4
28841
2
24750
1
113061
8
152838
11
18879
1
142326
11
42753
3
164279
12
111726
8
39004
3
101177
7
53389
3
79608
6
56561
4
141668
10
46140
3
69535
5
81481
6
101901
7
87311
6
146470
11
128626
9
122949
9
30013
2
144488
11
37811
2
113816
8
41908
3
125282
9
39450
3
29911
2
65804
4
81069
6
72024
5
65884
4
14630
1
97724
7
84368
6
166207
12
121350
9
120495
9
67367
5
98139
7
80606
6
155073
11
59011
4
126224
9
41742
3
1044
0
99032
7
128976
9
119168
9
85856
6
27433
2
60617
4
47908
3
104824
8
127918
9
97159
7
132844
10
111443
8
11286
0
158559
12
102087
7
134113
10
92278
7
144232
10
39172
2
47049
3
9051
0
29991
2
81117
6
54807
4
88728
6
112553
8
14681
1
53193
4
142605
10
82059
6
38751
3
59145
4
21938
1
117620
9
123836
9
35939
2
60655
4
80347
6
149312
11
147372
11
62719
4
102346
7
46260
3
45939
3
85580
6
93897
7
327
0
160182
12
157075
11
116834
9
54274
4
87870
6
48565
3
112083
8
62206
4
122582
9
71286
5
145509
11
40313
2
97765
7
101594
7
109052
8
55977
4
147762
11
92257
7
144438
11
81843
6
73022
5
19134
1
75029
5
22962
1
115957
8
123862
9
67496
5
42671
3
76673
6
150014
11
142192
10
131604
10
1860
0
151324
11
806
0
34479
2
48171
3
86724
6
95076
7
87208
6
32297
2
17812
1
79543
6
131302
10
130796
9
2048
0
151978
11
131494
9
10352
0
14112
1
97070
7
66255
4
2706
0
54073
4
126902
9
32387
2
32197
2
78733
6
153628
11
157242
11
7242
0
167035
12
75125
5
102126
7
39206
2
145226
11
73231
5
29687
2
6247
0
55318
4
160283
12
164953
12
152801
11
154654
11
20057
1
74788
5
48135
3
79367
5
31507
2
128351
9
103489
7
109790
8
44015
3
93289
7
91038
7
100969
7
2672
0
120955
9
158939
12
123101
9
91825
7
104167
7
78792
6
148816
11
91801
7
108194
8
108639
8
167077
12
94036
7
149983
11
126059
9
55452
4
136936
10
53795
4
44209
3
33290
2
61565
4
109724
8
139080
10
124088
9
9161
0
15655
1
113079
8
26933
2
14468
1
149184
11
36057
2
145371
10
93574
7
59918
4
30874
2
4865
0
27238
1
160143
12
64380
4
40110
3
122580
9
118406
8
65271
4
102234
7
136954
10
133244
10
53252
3
115624
8
77417
5
111154
8
52222
3
42224
3
30311
2
115074
8
160460
12
35577
2
78408
6
9263
0
143449
11
101322
8
130416
10
120350
9
27287
2
34903
2
53621
4
16380
1
75931
5
162790
12
38015
2
135319
10
2466
0
117809
9
60056
4
68729
5
3094
0
81492
6
73245
5
40587
3
9126
0
127624
9
52995
3
157993
12
54037
4
75992
5
92460
7
1077
0
71297
5
88342
6
144369
11
113547
8
3695
0
164698
12
149445
11
141536
10
76355
5
11142
0
121017
9
131571
10
40039
3
57953
4
47851
3
120973
9
134303
10
111327
8
122786
9
100895
7
59359
4
22326
1
136871
10
151900
11
74250
5
137614
10
216
0
62652
4
12230
0
110709
8
137205
10
42610
3
37841
2
91976
6
21129
1
165785
12
162601
12
147893
11
163013
12
65752
5
122275
9
48648
3
73453
5
90638
7
101409
8
21763
1
856
0
36605
2
34352
2
27280
2
80965
6
127766
9
112722
8
156083
12
162461
12
102117
7
71768
5
99508
7
56533
4
127818
10
28665
2
12112
0
108628
8
110795
8
147315
11
5015
0
90269
6
143378
10
99674
7
90231
7
155760
11
101290
7
135297
10
123932
9
59106
4
148086
11
109538
8
37653
2
46672
3
5176
0
133794
10
164147
12
696
0
110945
8
132401
10
64346
4
116954
8
77182
5
103559
7
63394
5
80454
6
32169
2
43337
3
29283
2
143232
10
155552
11
114988
8
140679
10
2022
0
62597
5
126143
9
153966
12
97554
7
132447
10
39582
3
83027
6
116474
8
111289
8
153073
11
89160
7
60456
4
134021
10
16380
1
114324
8
7929
0
45402
3
109298
8
167638
12
82083
6
107873
8
88963
6
45643
3
104954
8
64183
4
8676
0
159497
12
57953
4
68262
5
26791
2
157762
12
21150
1
33723
2
63661
5
36342
2
84830
6
30753
2
101462
7
71334
5
119275
9
111950
8
57145
4
110863
8
160457
12
12035
0
39009
2
128321
10
96331
7
75429
5
69275
5
145365
11
54666
4
15841
1
116761
8
32912
2
32162
2
55889
4
43658
3
99032
7
115257
8
145300
11
128679
9
31078
2
78419
5
143167
11
129668
9
5313
0
86195
6
44057
3
117398
9
17111
1
133944
10
749
0
128983
9
113298
8
20714
1
165016
12
149204
11
148015
11
45709
3
108816
8
55139
4
77889
5
102985
7
26799
2
134043
10
61253
4
78134
5
122437
9
90306
7
164738
12
67617
5
161705
12
78827
6
165454
12
41962
3
130511
10
77411
6
160237
12
48643
3
84355
6
99124
7
92005
7
131246
10
30640
2
12734
1
59345
4
25675
1
36434
2
122644
9
55343
4
8720
0
59657
4
36317
2
77191
5
121134
9
99481
7
29970
2
896
0
142297
10
26528
1
67014
5
101833
7
112851
8
128499
9
62878
4
140705
10
161464
12
152308
11
53576
4
131211
9
146954
11
105431
8
115485
8
83754
6
157002
11
158988
12
15174
1
84364
6
84992
6
66422
5
93385
7
158423
12
95684
7
102200
7
68038
5
125978
9
136884
10
160862
12
26360
1
132450
10
30360
2
141508
10
26349
2
12066
0
50722
3
92558
7
41226
3
117902
8
4006
0
150560
11
131475
9
144862
11
48525
3
12801
1
345
0
20743
1
84325
6
164822
12
106595
8
44694
3
37890
2
135537
10
83316
6
128068
9
76578
6
77999
6
55319
4
25142
2
30539
2
85211
6
54997
4
95580
7
113271
8
148209
11
155761
11
30967
2
24866
1
99984
7
107086
8
6621
0
87282
6
69144
5
11016
0
117808
8
37514
3
40603
3
26404
2
125010
9
128249
9
39921
2
122259
9
146883
11
85050
6
65462
4
31880
2
73319
5
117712
8
785
0
100698
7
99999
7
61830
4
113716
8
91221
6
101763
7
33530
2
31211
2
78343
5
146396
11
117598
8
101454
7
39869
3
1134
0
20202
1
52626
4
51650
3
56886
4
100793
7
98882
7
35626
2
124120
9
100336
7
94485
7
86177
6
86233
6
58588
4
101894
7
81208
6
60767
4
23439
1
153631
11
11242
1
118216
8
78035
6
74520
5
68107
5
22608
1
37850
2
75875
5
42479
3
83724
6
49991
3
12577
0
105539
8
116971
8
58230
4
74866
5
18120
1
19072
1
139511
10
44382
3
114406
8
159546
12
12210
1
13842
1
18198
1
94053
7
128824
9
76610
5
132463
10
156063
12
72156
5
81370
6
145431
11
29473
2
167367
12
95652
7
48062
3
28109
2
93386
6
8031
0
167415
12
161989
12
82815
6
70895
5
18382
1
14110
1
155639
11
39184
2
84875
6
28744
2
109340
8
128619
9
55077
4
117967
8
13631
1
146351
11
45325
3
32558
2
152557
11
43628
3
3131
0
149476
11
41925
3
12474
1
24429
1
156245
12
154387
11
142457
10
159197
12
58864
4
37265
2
129023
9
159171
12
47671
3
44854
3
159524
12
2271
0
135332
10
55112
4
17087
1
156455
12
73874
5
71594
5
57973
4
166033
12
163255
12
126814
9
160796
12
152878
11
42143
3
40632
3
32960
2
164011
12
145298
11
37854
3
7152
0
5183
0
127948
9
126632
9
143492
10
128127
10
9995
0
147990
11
7461
0
112900
8
44824
3
61859
4
130551
9
68554
5
115712
8
45281
3
75606
5
92391
6
94027
7
29539
2
130430
9
109623
8
115449
8
24365
1
91306
6
146780
11
134119
9
124994
9
146075
11
18551
1
76167
6
152084
11
66216
5
157491
12
48928
3
87083
6
165482
12
138263
10
77670
5
132379
10
42685
3
54753
4
39337
2
19792
1
89113
6
108150
8
35328
2
44688
3
44161
3
98008
7
68259
5
17690
1
127940
9
57724
4
14821
1
92650
7
658
0
62472
4
82611
6
1167
0
122876
9
118023
9
77187
5
109709
8
6188
0
4348
0
23687
1
40889
3
66639
4
31007
2
94416
7
156704
11
1895
0
96056
7
34020
2
86924
6
130696
9
37335
2
71915
5
116717
8
94189
7
119523
8
95789
7
93257
6
29452
2
2966
0
97388
7
93380
7
55474
4
33566
2
135384
10
91380
7
71575
5
38010
2
75446
6
147544
11
47441
3
124009
9
15068
1
85790
6
19861
1
29883
2
112495
8
101525
7
56117
4
73848
5
3242
0
62438
4
19837
1
29527
2
111170
8
66950
5
53012
3
89549
6
150570
11
60663
4
142553
10
148938
11
15889
1
37795
2
16136
1
128347
9
35344
2
62827
4
75446
5
108221
8
131517
10
37141
2
81195
6
82409
6
101702
8
145469
11
98682
7
146970
11
14670
1
67972
5
142691
10
67599
5
116999
8
48436
3
104363
7
125353
9
104260
7
49692
3
27539
2
35071
2
10732
0
130287
9
20150
1
4034
0
36723
2
167441
13
110223
9
51587
3
9821
0
163834
12
15212
1
111871
8
121924
9
19923
1
104462
8
130131
9
161427
12
23626
1
132400
10
37439
2
118521
9
75114
5
76429
5
21839
1
14294
1
126715
9
52259
3
21943
1
103882
8
26129
1
65703
5
46391
3
161500
12
99328
7
132071
9
102644
7
69685
5
43058
3
43565
3
119417
9
40383
3
82764
6
53624
4
96086
7
23959
1
111162
8
161097
12
119552
8
151513
11
114542
8
43009
3
86950
6
82409
6
125887
9
151345
11
97813
7
129170
10
78711
6
134186
10
113365
8
73865
5
158992
12
13257
1
11106
0
152844
11
52467
4
85873
6
85893
6
7615
0
88731
7
29410
2
1224
0
143976
11
69185
5
62406
4
12241
1
57836
4
122199
9
146047
11
111952
8
83957
6
50824
3
32474
2
123851
9
79769
6
140542
10
105966
8
48761
3
66454
5
162252
12
55487
4
105674
8
131197
10
139531
10
12937
1
90604
7
162074
12
152052
11
58640
4
132752
9
52031
4
142449
10
155266
12
50451
3
88305
6
81808
6
18204
1
35560
2
24310
1
110074
8
17492
1
146084
11
156598
11
141081
10
156035
12
36960
2
137776
10
130516
9
14725
1
124959
9
163549
12
133080
10
32851
2
73699
5
52087
3
133042
10
40140
3
95747
7
118233
9
78835
6
23456
1
46506
3
92326
7
68446
5
152387
11
8440
0
55298
4
10103
0
95966
7
125755
9
118673
9
109320
8
48192
3
78174
5
129506
9
54958
4
41726
3
68291
5
26021
2
67469
5
53990
4
134260
10
75120
5
157379
12
79776
6
53187
4
117639
9
105650
8
151516
11
2802
0
9755
0
102589
7
155265
11
61747
4
17463
1
30966
2
23183
1
4204
0
137971
10
18117
1
93614
7
146077
11
80334
5
4517
0
55178
4
4209
0
27938
2
21144
1
150567
11
50049
3
22931
1
24919
1
56555
4
72629
5
130457
9
21567
1
15950
1
55373
4
119744
9
13399
1
49432
3
109864
8
99006
7
138817
10
166976
12
110464
8
66786
5
142679
10
104063
8
159097
12
123759
9
150805
11
56797
4
10777
0
110463
8
12893
1
61723
4
149501
11
92763
7
48603
3
72184
5
30350
2
72810
5
167487
13
99020
7
128992
9
13198
1
105175
8
72619
5
64993
4
84411
6
126777
9
69699
5
83079
6
68675
5
155913
11
20496
1
46934
3
121396
9
45297
3
152355
12
86007
6
26909
1
137567
10
68998
5
84895
6
15208
1
25462
1
50315
3
133504
10
151292
11
4122
0
24210
2
93853
7
123505
9
142751
11
13468
1
37156
2
73286
5
33389
2
96997
7
161713
12
8134
0
154261
12
137842
10
121577
9
30754
2
156863
12
104610
7
3805
0
80342
6
35356
2
132962
10
142430
10
119197
9
26415
1
162849
12
130520
9
128266
9
164125
12
117793
9
13850
1
112064
8
39672
2
149026
11
49695
3
138573
10
75671
5
28655
2
101663
7
157997
12
83859
6
32805
2
152423
11
100994
7
156670
12
70998
5
130599
10
88918
6
118928
8
15826
1
91249
6
125014
9
90461
6
98808
7
16540
1
110766
8
59591
4
61788
4
119770
9
77989
5
165867
12
101171
7
162906
12
75521
5
113195
8
41888
3
16224
1
156480
11
144248
10
139400
10
112885
8
104119
8
95556
7
23829
1
115325
9
126686
9
145634
11
118855
9
149073
11
27326
2
27584
2
162165
11
64958
4
153457
11
52965
4
42436
3
162242
12
8604
0
92851
7
7360
0
110644
8
99337
7
38954
2
121287
9
128393
9
73028
5
115090
8
12327
0
19358
1
99660
7
155110
11
145886
10
116097
8
145239
10
91713
7
85
0
100604
7
103931
8
165658
12
71854
5
53712
3
148569
11
44066
3
28235
2
826
0
165207
12
115515
8
77160
6
148500
11
164062
12
75010
5
50112
3
76404
5
110473
8
148361
11
9886
0
111322
8
99221
7
107914
8
83566
6
74511
5
14790
1
55312
4
65854
4
14203
1
8428
0
97683
7
20285
1
79368
6
20560
1
132452
10
33232
2
32441
2
51137
4
126147
9
39511
2
22692
1
167676
12
154734
11
44360
3
32118
2
55348
4
73301
5
140633
10
101538
7
51070
3
56958
4
56239
4
73461
5
18434
1
129588
9
615
0
114516
8
71779
5
48613
3
133884
10
42443
3
116495
8
84947
6
45290
3
135535
10
109760
8
70063
5
130909
9
153742
11
103878
7
125326
9
146472
11
112531
8
14030
1
24238
1
59939
4
22604
1
165662
12
39739
3
25495
1
7264
0
138784
10
23890
1
37894
2
92771
7
67874
5
102040
7
130722
9
166225
13
101468
7
152199
11
140801
10
60623
4
165492
12
162919
12
2094
0
138024
10
32298
2
166219
12
115235
8
164778
12
107547
8
64583
4
68779
5
5294
0
111694
8
124468
9
5544
0
99401
7
146156
11
141908
10
126020
9
61221
4
34107
2
109143
8
62216
4
120249
9
47072
3
99658
7
109714
8
128748
9
64638
4
68460
5
50213
3
66503
5
147952
11
101051
7
34273
2
12197
0
152795
11
75698
5
65831
4
130098
9
146876
11
122885
9
163433
12
83191
6
33550
2
128488
9
32742
2
27885
2
39999
3
137236
10
83569
6
137321
10
158435
12
129362
9
9933
0
77571
6
81255
6
121420
9
54973
4
22097
1
147198
11
114394
8
121154
9
15872
1
93819
7
85895
6
18623
1
30712
2
122776
9
153561
11
198
0
142013
10
132126
10
128730
9
4386
0
2322
0
103543
8
111235
8
17531
1
73149
5
134681
10
9399
0
8490
0
43874
3
64478
4
84790
6
76371
5
94665
7
63330
4
112136
8
17442
1
68793
5
112985
8
4823
0
149843
11
7182
0
6251
0
74442
5
109363
8
43787
3
14761
1
54497
4
73992
5
28802
2
104646
8
104620
8
115073
8
133284
10
155661
11
32136
2
100503
7
4575
0
138439
10
92058
6
150248
11
65363
4
102448
7
140373
10
123284
9
97612
7
90978
7
92870
6
124366
9
83433
6
5538
0
143522
11
69885
5
96461
7
61627
4
85200
6
93834
7
147256
11
54778
4
56210
4
139460
10
20308
1
140531
10
160514
12
131169
9
143508
10
106152
8
77578
5
78468
5
83171
6
37716
2
40759
2
81289
6
69334
5
38187
2
2313
0
115989
9
160791
12
55329
4
4242
0
113282
8
127409
10
110349
8
120001
9
58376
4
31515
2
150171
11
136570
10
3949
0
56856
4
119655
9
105241
8
33653
2
151994
11
20705
1
117130
8
86163
6
26924
2
109525
8
87343
7
143211
10
25987
2
13923
1
26656
2
83840
6
110444
8
133876
10
138592
10
93788
7
165413
12
62258
4
162373
12
160028
12
105591
7
20637
1
11310
0
2611
0
22622
1
12208
1
68805
5
84149
6
41615
3
116517
9
121385
9
71242
5
109368
8
4961
0
38297
3
46888
3
64660
4
144741
11
92741
6
145427
11
19560
1
102536
7
14666
1
109041
8
95285
7
14214
1
64802
5
16787
1
110290
8
325
0
130667
9
110582
8
89226
7
116646
8
29341
2
88610
6
101405
7
155499
11
51808
3
95956
7
6169
0
146685
10
45875
3
33253
2
56755
4
131800
10
7041
0
36325
2
21866
1
82592
6
99641
7
112308
8
148429
11
113265
8
98457
7
130141
10
155021
11
78804
6
42191
3
151224
11
12372
0
94831
7
161862
12
15182
1
25161
1
48520
3
52636
4
100264
7
7536
0
160734
12
80234
6
21500
1
148962
11
34671
2
3628
0
5096
0
163483
12
68150
5
114365
8
23342
1
21255
1
60411
4
75786
5
113483
8
8764
0
78925
6
53294
4
32139
2
19762
1
17576
1
127637
10
95293
7
16996
1
101881
7
91361
6
72794
5
23576
2
96770
7
75663
5
121859
9
122580
9
42764
3
79401
5
143817
10
127878
9
122132
9
8105
0
37781
2
14801
1
122747
9
146037
10
65975
5
108026
7
94732
7
30221
2
47684
3
163268
12
41586
3
143661
10
79217
5
130871
10
59378
4
16442
1
75573
5
142741
11
88669
6
70464
5
8484
0
103891
7
78487
6
93967
6
102582
7
28519
2
18091
1
159661
11
14602
1
134492
10
140833
10
60416
4
22914
1
95343
7
161831
12
55193
4
5860
0
100803
7
134805
10
144391
10
116904
9
64045
4
30006
2
116714
9
25587
1
47909
3
83072
6
157116
12
16446
1
98826
7
20392
1
103585
7
45831
3
127399
9
24863
1
10391
0
124521
9
16950
1
82336
6
93166
7
65047
4
129022
10
106459
7
97705
7
80980
6
14325
1
143795
10
52256
3
107205
7
165232
12
25052
1
156654
11
159226
11
129025
9
140330
10
79421
6
111243
8
101038
7
14751
1
114386
8
167737
13
65067
4
70831
6
68132
5
113006
8
149276
11
8012
0
111416
8
7127
0
95073
7
402
0
147873
11
37591
2
114942
8
125505
9
128992
10
61817
4
138853
10
123124
9
114045
9
136530
10
10488
0
86669
6
158805
12
119485
9
55050
4
18497
1
137863
10
34836
2
91520
7
31636
2
32648
2
149905
11
108451
8
105025
8
5354
0
5004
0
115688
8
379
0
124758
9
60498
4
112011
8
93131
7
38757
3
27658
2
66642
5
30719
2
77402
5
121759
9
26413
1
58763
4
11822
0
74027
5
59027
4
45548
3
2534
0
160202
12
45369
3
10445
0
57427
4
37450
3
166606
12
42356
3
150763
11
126796
9
112082
8
85190
6
128575
9
54804
4
67909
5
14264
1
78099
5
156293
12
14039
1
148339
11
14005
1
77269
5
21629
1
42119
3
113868
8
37300
2
59448
4
56071
4
119498
9
52069
4
154253
11
132311
10
135936
10
56718
4
141798
10
65773
5
106335
7
131345
10
47686
3
110696
8
137720
10
130908
10
71136
5
71270
5
14149
1
139770
10
47631
3
61466
5
63065
4
155403
12
32356
2
20287
1
21901
1
157949
12
90179
6
60738
4
46875
3
68142
5
68858
5
124160
9
19735
1
164084
12
124848
9
27714
2
119544
9
107663
8
39759
3
24659
1
119297
9
57491
4
160698
12
42504
3
3334
0
62708
4
157909
12
31925
2
134034
9
12950
1
51181
3
55943
4
61242
4
80893
6
100021
7
164060
12
38161
2
56638
4
122310
9
128660
9
31165
2
149654
11
90853
6
126490
9
80876
6
139523
10
23739
1
152682
11
106599
8
81797
6
119706
9
80718
6
99546
7
45826
3
43133
3
49728
3
100590
7
29903
2
16256
1
83251
6
134811
10
118920
8
31677
2
102008
7
106172
8
67613
5
92395
6
47426
3
33597
2
94001
7
5318
0
161756
12
16146
1
40389
3
4369
0
6289
0
165781
12
152323
11
79760
6
148846
11
126215
9
70032
5
161939
12
100217
7
108133
8
49925
3
160440
12
152519
11
27225
2
69986
5
58622
4
166915
12
62022
5
22656
1
47726
3
97819
7
70920
5
51386
3
103849
8
161727
12
132185
10
18742
1
26407
1
50221
3
51792
4
115691
8
4674
0
157786
12
617
0
64569
4
161433
12
139550
10
92200
7
136530
10
40341
3
144526
10
22720
1
153231
11
9519
0
150217
11
155852
12
52715
3
54322
4
68919
5
91743
7
149256
11
15818
1
110395
8
118010
9
84355
6
150326
11
7986
0
93715
7
137880
10
7129
0
21270
1
109125
8
130698
9
47757
3
76584
6
9823
0
38346
2
102017
8
71360
5
48012
3
91276
6
167279
12
34680
2
91685
6
152178
11
73422
5
160122
11
122005
9
86652
7
164682
13
46760
3
87501
7
64077
5
135734
11
154669
12
81574
6
131566
10
136166
10
139989
10
33191
2
133775
10
66746
4
127133
9
151134
11
69674
5
5233
0
145677
10
82762
6
21670
1
16776
1
157164
12
139811
10
64458
4
58141
4
95736
7
143180
10
143431
10
79539
6
75345
5
131218
9
82182
6
108894
8
111633
8
8817
0
149165
11
52839
4
158634
11
122048
9
114745
8
81610
6
26776
2
46900
3
323
0
55176
4
8670
0
139787
10
159117
12
22078
1
30174
2
97648
7
63496
4
7398
0
75807
5
132121
10
64551
4
46640
3
69291
5
31331
2
144274
10
85517
6
65508
5
64915
5
10108
0
1353
0
65294
5
162029
12
100486
7
167575
12
94421
7
130547
10
53192
4
166795
12
162395
12
6528
0
135848
10
137607
10
164035
12
40860
3
83246
6
70633
5
65000
4
131666
9
136132
10
213
0
114836
8
9351
0
60828
4
106197
7
23285
1
68733
5
123060
9
43182
3
29337
2
114514
8
107026
8
122113
9
85192
6
129862
9
8452
0
84323
6
141509
10
81546
6
132030
9
101275
7
71691
5
114027
8
166050
12
34872
2
115661
8
28776
2
80416
6
121524
9
124120
9
103272
7
29714
2
110899
8
146894
11
83027
6
16736
1
128903
9
135304
10
123840
9
8090
0
125902
9
7307
0
100666
7
116170
8
127733
9
140125
10
102723
7
155597
11
80676
5
150242
11
124446
9
94268
7
141533
10
35736
2
114508
8
167699
12
87327
6
89361
6
72808
5
167128
12
138800
10
41839
3
150645
11
81559
6
101576
7
104471
8
157434
11
167527
12
33779
2
29256
2
24104
1
115017
8
62709
4
47231
3
158898
12
19597
1
37979
2
8063
0
62563
4
14863
1
118870
8
63905
4
108534
8
136022
10
47473
3
64735
4
31694
2
33742
2
158683
12
131626
10
88544
6
35028
2
89742
6
103773
7
113628
8
116782
9
46697
3
2135
0
47119
3
86946
6
28319
2
145989
11
72067
5
33273
2
3298
0
57294
4
47041
3
137251
10
152432
11
93062
6
108854
8
5336
0
91477
7
88939
6
22407
1
135002
10
26504
1
61852
4
46906
3
159687
11
163598
12
126354
9
152127
11
37514
3
103488
7
33151
2
97073
7
108172
8
75839
5
155838
11
34043
2
95053
7
52760
4
56253
4
60770
4
41199
3
128187
9
72480
5
19026
1
103016
7
124807
9
118869
8
116588
8
156851
12
14122
1
107893
8
100817
7
152307
11
23888
1
146732
11
150254
11
132286
9
43043
3
137909
10
59994
4
75135
5
50370
3
133564
10
111983
8
109132
8
105446
8
65355
5
120899
9
1006
0
78638
6
42986
3
132247
10
45467
3
154447
11
89829
7
79557
6
23645
1
19159
1
138
0
131070
9
111357
8
11326
0
90166
6
157190
12
53372
3
65223
4
73714
5
149541
11
143165
10
76161
5
50459
4
9588
0
158401
11
147232
11
55790
4
48417
3
105311
8
87995
6
13095
1
94717
7
161127
12
93540
7
46712
3
141652
11
75606
5
115239
9
163584
12
94472
7
165477
12
56168
4
19201
1
31379
2
126412
9
77677
5
137209
10
18282
1
68118
5
69162
5
57451
4
17596
1
155951
12
138846
10
51806
4
122582
9
89041
6
136814
10
120377
9
14144
1
98552
7
69682
5
97536
7
54574
4
66145
5
90590
6
130923
9
130554
9
101429
7
95790
7
155734
11
27667
2
48661
3
118620
9
45965
3
73463
5
145918
11
28699
2
126428
9
74967
5
103930
7
167646
13
115798
8
102347
7
51488
3
167304
13
44427
3
26672
2
15846
1
71062
5
84337
6
124670
9
117089
8
125369
9
166679
12
106668
7
118251
9
25604
1
137590
10
84595
6
98013
7
12985
1
56510
4
163724
12
100687
7
155187
11
80582
6
18792
1
37131
2
88225
7
70641
5
48851
3
28320
2
140760
10
30452
2
119309
9
50603
3
135738
10
150797
11
31773
2
12277
1
707
0
141388
10
47658
3
123503
9
121945
9
166870
12
166895
12
53941
4
166476
12
96974
7
102099
7
104594
8
31384
2
140540
10
139302
10
53223
4
108646
8
160929
12
106830
8
26252
2
31446
2
101629
8
132941
9
51129
3
70807
5
30193
2
94050
7
85954
6
58570
4
167139
12
14542
1
48202
3
19483
1
163640
12
6067
0
113636
8
30372
2
162489
12
122449
9
93827
6
105683
8
165151
12
84985
6
63690
4
96833
7
164062
12
63836
4
82731
6
81392
6
40106
3
84600
6
160970
12
17164
1
72717
5
43273
3
101640
7
14806
1
147023
11
160790
12
166380
12
12647
1
146446
11
159897
12
151030
11
106839
8
156112
11
126936
9
45877
3
110041
8
47995
3
13533
1
166136
12
144055
10
113259
8
